60
Bach
-2458,-335
-2513,-568
-2371,-286
-2259,-383
-2517,-373
-2475,-252
The Warrens
-2159,-635
-2216,-540
-2333,-733
-2112,-553
-2165,-489
-2102,-772
Tolstoi
-1885,-240
-1960,-341
-1923,-598
-1876,-351
-1976,-567
-2027,-337
Sobkou Plains
-2155,-52
-1981,-122
-2377,-144
-2043,-181
-2294,-64
-2220,-56
Aerostates
-2260,1070
-2422,1109
-2441,1192
-2263,1226
-2322,1072
-2500,1190
Mt. Maxwell
-2074,1051
-2205,1090
-2146,1035
-1988,1089
-2166,1216
-2057,1169
Elysium
-1998,1273
-1891,1422
-1867,1272
-2179,1411
-2110,1438
-2127,1336
Wreckers
-1745,1564
-1827,1544
-1873,1724
-1786,1683
-1938,1579
-1935,1755
Aphrodite
-2000,1715
-2018,1632
-2228,1849
-2078,1801
-2203,1756
-2234,1632
Beta Regio
-2367,1796
-2401,1706
-2315,1795
-2321,1709
-2467,1683
-2518,1651
Lowlanders
-2300,1409
-2561,1319
-2578,1525
-2471,1307
-2478,1499
-2522,1405
Independent Arcologies
2459,1160
2532,1174
2257,1171
2139,1187
2195,1146
2582,1190
Eurasian Regency
2388,1419
2651,1364
2515,1284
2457,1289
2710,1289
2383,1313
African Regency
2418,1670
2384,1560
2613,1501
2764,1520
2596,1645
2663,1656
Antarctic Testing Zone
2588,1848
2516,1865
2334,1880
2391,1904
2459,1929
2668,1795
Australian Development Facility
2104,1873
2207,1935
1987,1728
2262,1861
2258,1943
1931,1659
Urban Reservations
2153,1630
1996,1546
1922,1504
2223,1672
2087,1598
2277,1556
American Regency
2295,1381
2225,1390
1958,1390
2017,1380
2307,1286
2079,1408
Moscoviense
1369,1472
1273,1375
1406,1306
1499,1411
1565,1377
1448,1459
Farside
1600,1532
1650,1460
1683,1630
1622,1622
1450,1583
1694,1547
Tycho
1326,1728
1498,1814
1249,1799
1386,1734
1443,1860
1325,1839
Tranquility
1146,1488
1235,1675
1232,1512
1155,1614
1137,1697
1105,1593
Boreal Sea
2371,-409
2082,-408
2176,-427
2287,-426
2133,-511
2221,-543
Pavonis
2478,-419
2476,73
2462,-114
2624,-120
2581,-275
2552,-45
Arcadia
2392,74
2348,-248
2302,-121
2277,-214
2291,172
2361,-112
Ram HQ
2195,-268
2082,151
2183,256
2197,40
2108,-116
2091,-267
Coprates Chasm
1861,-224
1976,-13
1921,7
1912,-317
1819,-61
1924,105
Ceres
-27,1187
114,1200
-102,1441
61,1252
143,1316
-75,1288
Pallas
735,1078
700,1169
657,1040
641,1245
573,1235
519,1070
Psyche
609,1482
555,1399
645,1368
550,1477
704,1375
683,1531
Thule
649,1914
532,1788
820,1746
725,1725
570,1707
586,1876
Fortuna
43,1900
76,1744
265,1784
118,1955
200,1735
127,1717
Vesta
-363,1910
-257,1861
-427,1724
-431,1900
-218,1798
-484,1820
Juno
-834,1663
-746,1702
-825,1718
-938,1863
-986,1764
-897,1716
Hygeia
-613,1344
-596,1538
-550,1347
-667,1567
-704,1488
-715,1374
Aurora
-452,1029
-515,1011
-664,1204
-615,1051
-400,1071
-520,1170
Hielo
-1520,-315
-1379,-234
-1442,-327
-1386,-125
-1310,-195
-1531,-169
Mariposas
-1281,-676
-1644,-679
-1588,-642
-1337,-655
-1415,-633
-1532,-642
Deimos
1569,-620
1281,-697
1313,-593
1422,-630
1530,-818
1515,-674
L-4 Colony
1374,689
1606,639
1670,683
1563,797
1478,633
1468,770
L-5 Colony
2342,683
2225,837
2222,717
2415,786
2450,700
2144,769
Space Elevator
2394,-975
2553,-451
2603,-851
2600,-950
2477,-722
2342,-755
Ceres Orbit
61,1489
134,1456
60,1571
3,1507
Pallas Orbit
393,1222
507,1204
443,1233
339,1201
Psyche Orbit
824,1435
806,1541
863,1546
875,1461
Thule Orbit
820,1905
771,1873
870,1902
720,1914
Fortuna Orbit
348,1993
285,1941
369,1867
398,1951
Vesta Orbit
-223,1683
-292,1648
-349,1623
-238,1594
Juno Orbit
-763,1958
-670,1918
-771,1866
-720,1865
Hygeia Orbit
-788,1491
-910,1476
-844,1407
-857,1545
Aurora Orbit
-760,1030
-697,1021
-823,1031
-770,1116
Near Mercury Orbit
-1736,-843
-1230,-87
-1226,-204
-1855,-831
-1352,-447
-1156,-887
Far Mercury Orbit
-2220,594
-1493,467
-2025,350
-1788,526
-2527,712
-1574,436
Near Venus Orbit
-1737,890
-1718,1063
-2325,1945
-2637,1685
-2392,910
-1681,1957
Far Venus Orbit
-1240,1076
-1274,1000
-1240,1231
-1333,1514
-1237,1882
-1288,874
Near Moon Orbit
1208,967
1688,1995
1296,1230
1069,1366
1282,1026
1167,1185
Near Earth Orbit
1713,1109
2830,1076
1833,992
1805,1113
1875,1258
2783,1865
Far Earth/Moon Orbit
2698,652
1544,946
1467,919
1833,856
1473,368
1703,531
Near Mars Orbit
1713,216
2797,93
2802,262
1238,-257
2721,-557
2047,363
Far Mars Orbit
2303,-1125
1878,-816
1789,-769
1794,-946
1398,-331
1351,-1103
