60
Bach
-2545,-534
-2359,-377
-2264,-341
-2383,-276
-2536,-396
-2501,-287
The Warrens
-2098,-577
-2251,-554
-2382,-683
-2198,-770
-2262,-778
-2102,-738
Tolstoi
-2055,-400
-1844,-345
-1927,-303
-1959,-680
-1885,-617
-1854,-513
Sobkou Plains
-2277,-101
-2011,-151
-2209,-82
-2068,-119
-2133,-95
-2363,-157
Aerostates
-2260,1242
-2269,1037
-2368,1070
-2490,1205
-2424,1150
-2261,1126
Mt. Maxwell
-2068,1044
-2137,1046
-2202,1062
-1984,1098
-2190,1175
-2207,1262
Elysium
-1749,1258
-1869,1422
-2038,1370
-1706,1452
-1801,1340
-1835,1200
Wreckers
-1911,1717
-1926,1565
-1732,1540
-1861,1750
-1853,1554
-1759,1634
Aphrodite
-2154,1780
-2008,1664
-2088,1582
-2051,1787
-2209,1852
-2129,1865
Beta Regio
-2374,1768
-2520,1662
-2322,1833
-2460,1720
-2307,1724
-2393,1676
Lowlanders
-2343,1343
-2255,1456
-2493,1300
-2575,1444
-2484,1489
-2553,1290
Independent Arcologies
2159,1171
2540,1199
2257,1193
2596,1183
2475,1186
2098,1196
Eurasian Regency
2393,1401
2410,1285
2635,1299
2547,1293
2471,1450
2561,1400
African Regency
2583,1669
2650,1564
2802,1544
2758,1670
2741,1436
2689,1461
Antarctic Testing Zone
2386,1864
2590,1846
2677,1796
2471,1910
2373,1973
2538,1881
Australian Development Facility
2109,1869
2184,1902
2248,1940
1972,1745
2242,1850
2024,1723
Urban Reservations
1940,1520
1989,1503
2188,1620
2274,1686
2305,1556
2038,1543
American Regency
2329,1351
2046,1396
2273,1390
1997,1304
1983,1389
2095,1387
Moscoviense
1503,1366
1314,1443
1264,1400
1388,1304
1590,1377
1379,1480
Farside
1599,1693
1707,1584
1605,1536
1660,1686
1662,1483
1448,1605
Tycho
1312,1804
1493,1818
1402,1726
1575,1806
1249,1818
1350,1708
Tranquility
1141,1553
1166,1646
1224,1524
1150,1464
1168,1728
1115,1635
Boreal Sea
2096,-461
2358,-447
2409,-478
2303,-515
2042,-408
2154,-423
Pavonis
2622,-202
2558,-221
2571,60
2501,-350
2461,-229
2553,-48
Arcadia
2327,-151
2394,148
2269,23
2343,92
2381,-242
2409,56
Ram HQ
2046,-91
2117,199
2160,-101
2185,15
2189,-223
2049,220
Coprates Chasm
1936,-19
1990,139
1946,-286
1872,-324
1989,-431
1864,-7
Ceres
155,1327
47,1275
-104,1199
-44,1183
-185,1295
-92,1447
Pallas
674,1188
751,1076
640,1012
547,1030
555,1111
592,1209
Psyche
735,1373
525,1435
588,1489
680,1360
665,1543
618,1381
Thule
742,1668
561,1767
595,1859
763,1750
828,1740
653,1680
Fortuna
276,1774
171,1961
43,1835
137,1730
57,1933
199,1733
Vesta
-430,1710
-427,1903
-245,1830
-436,1807
-364,1923
-295,1880
Juno
-975,1829
-891,1904
-787,1758
-834,1693
-922,1776
-709,1750
Hygeia
-664,1356
-700,1538
-523,1417
-539,1519
-602,1539
-731,1376
Aurora
-436,1158
-442,1076
-506,1010
-661,1191
-573,1198
-359,1126
Hielo
-1445,-347
-1558,-261
-1326,-245
-1382,-153
-1542,-162
-1464,-98
Mariposas
-1375,-712
-1621,-718
-1280,-688
-1527,-632
-1560,-730
-1391,-630
Deimos
1504,-726
1157,-687
1581,-686
1323,-613
1441,-886
1372,-990
L-4 Colony
1527,635
1415,717
1628,706
1471,772
1466,621
1364,724
L-5 Colony
2412,690
2165,735
2354,861
2480,803
2227,829
2408,824
Space Elevator
2613,-864
2334,-759
2537,-476
2518,-927
2667,-879
2633,-582
Ceres Orbit
105,1468
94,1571
26,1474
162,1498
Pallas Orbit
493,1202
408,1213
344,1196
417,1129
Psyche Orbit
824,1501
888,1529
765,1511
835,1413
Thule Orbit
866,1915
731,1929
812,1866
814,1960
Fortuna Orbit
328,1914
388,1891
278,1901
335,1998
Vesta Orbit
-308,1678
-227,1670
-255,1582
-327,1588
Juno Orbit
-709,1933
-781,1955
-740,1842
-655,1916
Hygeia Orbit
-799,1486
-875,1454
-929,1455
-873,1541
Aurora Orbit
-689,1042
-837,1076
-739,1031
-752,1115
Near Mercury Orbit
-2518,2
-2109,198
-1630,-902
-1696,-905
-2685,-260
-2050,-893
Far Mercury Orbit
-2582,201
-2079,356
-2662,693
-2564,376
-2112,585
-2639,147
Near Venus Orbit
-2431,1978
-2683,981
-1694,1114
-2695,1422
-1512,1562
-1528,1259
Far Venus Orbit
-1177,1199
-1266,941
-1242,1118
-1525,1987
-1233,1034
-1326,1002
Near Moon Orbit
1589,1961
1368,1072
1166,1274
1090,950
1063,1044
1024,1613
Near Earth Orbit
2862,1235
1948,1937
1933,1224
1932,1019
1764,1122
2009,1992
Far Earth/Moon Orbit
1867,626
2569,522
1825,554
1264,527
2732,754
2049,515
Near Mars Orbit
2761,-181
2681,280
2637,-1125
2843,188
2765,-476
2698,-1119
Far Mars Orbit
901,-1143
1978,-716
1860,-1127
2063,-950
1608,-429
1720,-1029
