60
Bach
-2509,-587
-2427,-294
-2541,-386
-2519,-304
-2314,-439
-2579,-497
The Warrens
-2199,-592
-2045,-702
-2118,-571
-2189,-498
-2107,-677
-2121,-777
Tolstoi
-1831,-344
-2041,-338
-1927,-576
-1980,-537
-1847,-425
-1928,-353
Sobkou Plains
-2108,-97
-2044,-135
-2349,-80
-2191,-76
-2357,-161
-2245,-63
Aerostates
-2266,1251
-2419,1110
-2329,1110
-2270,1054
-2388,1230
-2500,1195
Mt. Maxwell
-1967,1100
-2180,1055
-2164,1177
-2091,1023
-2016,1039
-2061,1179
Elysium
-2069,1340
-1721,1340
-1900,1182
-2023,1451
-1965,1438
-2163,1443
Wreckers
-1729,1560
-1856,1540
-1901,1734
-1833,1734
-1917,1582
-1772,1664
Aphrodite
-2026,1763
-2074,1584
-2152,1788
-2164,1588
-2238,1727
-2221,1584
Beta Regio
-2417,1664
-2380,1783
-2314,1707
-2518,1645
-2321,1796
-2431,1752
Lowlanders
-2330,1346
-2530,1465
-2263,1468
-2513,1550
-2476,1345
-2529,1293
Independent Arcologies
2193,1176
2266,1184
2548,1183
2441,1190
2490,1162
2131,1184
Eurasian Regency
2640,1366
2457,1416
2688,1289
2382,1396
2537,1281
2565,1405
African Regency
2665,1519
2606,1524
2681,1625
2775,1467
2612,1645
2744,1571
Antarctic Testing Zone
2427,1946
2519,1886
2580,1850
2650,1834
2361,1973
2358,1881
Australian Development Facility
2010,1730
2171,1900
2235,1880
2115,1885
2055,1850
1958,1675
Urban Reservations
2287,1570
2143,1672
2265,1694
2208,1639
1971,1550
2120,1580
American Regency
2017,1328
2276,1286
2269,1389
2200,1382
2329,1377
1962,1359
Moscoviense
1457,1455
1538,1390
1276,1404
1588,1380
1393,1491
1446,1315
Farside
1622,1597
1678,1600
1662,1681
1565,1507
1659,1471
1435,1594
Tycho
1446,1860
1329,1775
1467,1756
1519,1847
1248,1811
1585,1802
Tranquility
1167,1621
1215,1523
1164,1516
1236,1679
1106,1609
1183,1719
Boreal Sea
2134,-431
2368,-419
2394,-503
2318,-455
2064,-493
2194,-392
Pavonis
2572,-61
2602,-276
2495,-228
2515,57
2461,-432
2630,-77
Arcadia
2318,-153
2367,-259
2369,177
2254,-268
2339,72
2401,-127
Ram HQ
2094,173
2046,-105
2047,-221
2196,-181
2154,110
2054,23
Coprates Chasm
1930,-211
1831,-90
1916,-21
1908,61
1846,-239
1958,-324
Ceres
-185,1331
81,1326
-18,1192
-133,1261
86,1235
-97,1460
Pallas
699,1163
518,1075
641,1050
647,1214
587,1229
721,1047
Psyche
517,1469
686,1357
569,1425
621,1369
683,1535
746,1366
Thule
676,1656
631,1912
548,1804
840,1745
612,1741
739,1751
Fortuna
88,1894
173,1972
229,1741
67,1746
131,1760
20,1849
Vesta
-280,1877
-226,1819
-435,1836
-438,1705
-457,1927
-337,1969
Juno
-733,1728
-824,1684
-954,1847
-907,1781
-945,1704
-882,1924
Hygeia
-566,1370
-511,1411
-626,1362
-696,1341
-693,1546
-582,1497
Aurora
-599,1039
-456,1151
-475,1021
-416,1057
-622,1188
-387,1143
Hielo
-1403,-281
-1370,-201
-1550,-282
-1468,-336
-1470,-96
-1523,-110
Mariposas
-1579,-653
-1348,-683
-1522,-630
-1280,-673
-1665,-676
-1403,-632
Deimos
1382,-992
1204,-857
1300,-584
1503,-687
1196,-590
1490,-782
L-4 Colony
1499,626
1399,733
1622,637
1661,734
1573,757
1559,614
L-5 Colony
2496,726
2225,809
2170,734
2407,840
2446,732
2305,662
Space Elevator
2585,-802
2613,-671
2506,-765
2599,-909
2362,-780
2281,-921
Ceres Orbit
38,1461
144,1486
46,1544
91,1444
Pallas Orbit
426,1180
351,1181
487,1168
457,1261
Psyche Orbit
818,1511
757,1504
878,1478
828,1426
Thule Orbit
839,1860
854,1963
730,1929
785,1911
Fortuna Orbit
346,1884
371,1993
295,1888
297,1969
Vesta Orbit
-226,1643
-357,1649
-295,1665
-291,1581
Juno Orbit
-648,1887
-738,1959
-757,1876
-702,1841
Hygeia Orbit
-845,1448
-910,1477
-777,1480
-850,1536
Aurora Orbit
-700,1021
-781,1003
-758,1109
-838,1025
Near Mercury Orbit
-1358,-1018
-2023,145
-1916,181
-2376,-883
-2642,-849
-1343,-501
Far Mercury Orbit
-2211,487
-2583,123
-1988,398
-2241,572
-2427,320
-2467,687
Near Venus Orbit
-1622,1809
-1543,1448
-2031,1962
-1464,1286
-1515,1029
-1399,1191
Far Venus Orbit
-1301,1478
-1277,1425
-1361,1657
-1358,821
-1363,1577
-1317,1237
Near Moon Orbit
1040,1563
1155,1058
1121,1876
1056,1946
1353,2007
1193,1253
Near Earth Orbit
2793,1161
1904,1027
2849,1372
1963,1994
2086,1049
2864,1977
Far Earth/Moon Orbit
2677,548
1341,363
1866,751
2797,750
1965,599
2649,889
Near Mars Orbit
2730,-9
1408,88
1421,-108
1315,-132
1619,-22
2021,353
Far Mars Orbit
1013,-1045
1811,-1054
915,-1140
1665,-390
1085,-528
1040,-938
