60
Tranquility
1
0:58:False
1399,1660
1429,1630
1399,1600
1175,1420
1175,1420
1165,1432
1160,1438
1156,1445
1151,1452
1147,1458
1143,1465
1139,1472
1136,1479
1132,1486
1129,1494
1125,1501
1122,1509
1120,1516
1117,1524
1114,1531
1112,1539
1110,1547
1108,1555
1106,1563
1105,1571
1103,1579
1102,1587
1101,1596
1100,1604
1100,1610
1100,1650
1100,1655
1101,1663
1102,1671
1103,1680
1105,1688
1106,1696
1108,1704
1110,1712
1112,1720
1114,1728
1117,1735
1120,1743
1122,1750
1125,1758
1129,1765
1132,1773
1136,1780
1139,1787
1143,1794
1147,1801
1151,1807
1156,1814
1160,1821
1165,1827
1175,1839
1185,1851
1186,1852
Psyche Orbit
1
0:129:True
980,1530
979,1536
979,1542
978,1548
977,1554
976,1560
974,1565
972,1571
970,1576
968,1582
965,1587
962,1592
959,1597
956,1601
952,1606
948,1610
944,1614
940,1618
936,1622
931,1626
927,1629
922,1632
917,1635
912,1638
906,1640
901,1642
895,1644
889,1646
884,1647
878,1648
872,1649
866,1649
860,1650
853,1649
847,1649
841,1648
835,1647
830,1646
824,1644
818,1642
813,1640
807,1638
802,1635
797,1632
792,1629
788,1626
783,1622
779,1618
775,1614
771,1610
767,1606
763,1601
760,1597
757,1592
754,1587
751,1582
749,1576
747,1571
745,1565
743,1559
742,1554
741,1548
740,1542
740,1536
740,1530
740,1523
740,1517
741,1511
742,1505
743,1500
745,1494
747,1488
749,1483
751,1477
754,1472
757,1467
760,1462
763,1458
767,1453
771,1449
775,1445
779,1441
783,1437
788,1433
792,1430
797,1427
802,1424
807,1421
813,1419
818,1417
824,1415
830,1413
835,1412
841,1411
847,1410
853,1410
860,1410
866,1410
872,1410
878,1411
884,1412
890,1413
895,1415
901,1417
906,1419
912,1421
917,1424
922,1427
927,1430
931,1433
936,1437
940,1441
944,1445
948,1449
952,1453
956,1458
959,1462
962,1467
965,1472
968,1477
970,1483
972,1488
974,1494
976,1500
977,1505
978,1511
979,1517
979,1523
980,1530
Vesta
1
0:129:True
-140,1860
-140,1870
-140,1881
-142,1891
-143,1902
-145,1912
-148,1922
-150,1932
-154,1941
-157,1951
-161,1960
-166,1968
-170,1977
-175,1985
-181,1993
-186,2001
-192,2008
-198,2015
-205,2022
-212,2028
-219,2034
-226,2039
-234,2044
-241,2049
-249,2053
-258,2057
-266,2060
-275,2063
-283,2065
-292,2067
-301,2068
-310,2069
-320,2070
-329,2069
-338,2068
-347,2067
-356,2065
-364,2063
-373,2060
-381,2057
-390,2053
-398,2049
-405,2044
-413,2039
-420,2034
-427,2028
-434,2022
-441,2015
-447,2008
-453,2001
-458,1993
-464,1985
-469,1977
-473,1968
-478,1960
-482,1951
-485,1941
-489,1932
-491,1922
-494,1912
-496,1902
-497,1891
-499,1881
-499,1870
-500,1860
-499,1849
-499,1838
-497,1828
-496,1817
-494,1807
-491,1797
-489,1787
-485,1778
-482,1768
-478,1759
-473,1751
-469,1742
-464,1734
-458,1726
-453,1718
-447,1711
-441,1704
-434,1697
-427,1691
-420,1685
-413,1680
-405,1675
-398,1670
-390,1666
-381,1662
-373,1659
-364,1656
-356,1654
-347,1652
-338,1651
-329,1650
-320,1650
-310,1650
-301,1651
-292,1652
-283,1654
-275,1656
-266,1659
-258,1662
-249,1666
-241,1670
-234,1675
-226,1680
-219,1685
-212,1691
-205,1697
-198,1704
-192,1711
-186,1718
-181,1726
-175,1734
-170,1742
-166,1751
-161,1759
-157,1768
-154,1778
-150,1787
-148,1797
-145,1807
-143,1817
-142,1828
-140,1838
-140,1849
-140,1860
Tycho
1
0:65:False
1438,1959
1446,1959
1455,1959
1463,1958
1471,1957
1480,1956
1488,1954
1496,1953
1504,1951
1512,1949
1520,1947
1528,1945
1535,1942
1543,1939
1550,1937
1558,1934
1565,1930
1573,1927
1580,1923
1587,1920
1594,1916
1601,1912
1607,1908
1614,1903
1621,1899
1627,1894
1639,1884
1651,1874
1663,1863
1674,1851
1684,1839
1692,1830
1400,1659
1186,1852
1196,1863
1208,1874
1220,1884
1232,1894
1238,1899
1245,1903
1252,1908
1258,1912
1265,1916
1272,1920
1279,1923
1286,1927
1294,1930
1301,1934
1309,1937
1316,1939
1324,1942
1331,1945
1339,1947
1347,1949
1355,1951
1363,1953
1371,1954
1379,1956
1387,1957
1396,1958
1404,1959
1413,1959
1421,1959
1426,1959
1432,1959
Moscoviense
1
0:66:False
1692,1429
1684,1420
1674,1408
1663,1396
1651,1385
1639,1375
1627,1365
1621,1360
1614,1356
1607,1351
1601,1347
1594,1343
1587,1339
1580,1336
1573,1332
1565,1329
1558,1325
1551,1322
1543,1320
1535,1317
1528,1314
1520,1312
1512,1310
1504,1308
1496,1306
1488,1305
1480,1303
1472,1302
1463,1301
1455,1300
1446,1300
1438,1300
1435,1300
1421,1300
1412,1300
1404,1300
1396,1301
1387,1302
1379,1303
1371,1305
1363,1306
1355,1308
1347,1310
1339,1312
1331,1314
1324,1317
1316,1320
1308,1322
1301,1325
1294,1329
1286,1332
1279,1336
1272,1339
1265,1343
1258,1347
1252,1351
1245,1356
1238,1360
1232,1365
1220,1375
1208,1385
1196,1396
1185,1408
1175,1420
1175,1420
1400,1600
Independent Arcologies
1
0:39:False
2750,1274
2735,1257
2719,1240
2702,1224
2685,1209
2667,1195
2648,1181
2628,1169
2608,1157
2588,1147
2566,1137
2545,1129
2522,1121
2499,1115
2476,1109
2453,1105
2429,1102
2404,1100
2380,1100
2355,1100
2330,1102
2306,1105
2283,1109
2260,1115
2237,1121
2214,1129
2193,1137
2171,1147
2151,1157
2131,1169
2111,1181
2092,1195
2074,1209
2057,1224
2040,1240
2024,1257
2009,1274
2005,1279
2754,1279
Urban Reservations
1
0:11:False
2380,1490
1908,1490
1905,1506
1902,1530
1900,1555
1900,1579
1900,1580
1900,1604
1901,1610
2200,1790
2380,1790
Hielo
1
0:129:True
-1240,-170
-1240,-160
-1240,-151
-1242,-142
-1243,-133
-1245,-125
-1248,-116
-1250,-108
-1254,-99
-1257,-91
-1261,-84
-1266,-76
-1270,-69
-1275,-62
-1281,-55
-1286,-48
-1292,-42
-1298,-36
-1305,-31
-1312,-25
-1319,-20
-1326,-16
-1334,-11
-1341,-7
-1349,-4
-1358,0
-1366,1
-1375,4
-1383,6
-1392,7
-1401,9
-1410,9
-1420,10
-1429,9
-1438,9
-1447,7
-1456,6
-1464,4
-1473,1
-1481,0
-1490,-4
-1498,-7
-1505,-11
-1513,-16
-1520,-20
-1527,-25
-1534,-31
-1541,-36
-1547,-42
-1553,-48
-1558,-55
-1564,-62
-1569,-69
-1573,-76
-1578,-84
-1582,-91
-1585,-99
-1589,-108
-1591,-116
-1594,-125
-1596,-133
-1597,-142
-1599,-151
-1599,-160
-1600,-170
-1599,-179
-1599,-188
-1597,-197
-1596,-206
-1594,-214
-1591,-223
-1589,-231
-1585,-240
-1582,-248
-1578,-255
-1573,-263
-1569,-270
-1564,-277
-1558,-284
-1553,-291
-1547,-297
-1541,-303
-1534,-308
-1527,-314
-1520,-319
-1513,-323
-1505,-328
-1498,-332
-1490,-335
-1481,-339
-1473,-341
-1464,-344
-1456,-346
-1447,-347
-1438,-349
-1429,-349
-1420,-350
-1410,-349
-1401,-349
-1392,-347
-1383,-346
-1375,-344
-1366,-341
-1358,-339
-1349,-335
-1341,-332
-1334,-328
-1326,-323
-1319,-319
-1312,-314
-1305,-308
-1298,-303
-1292,-297
-1286,-291
-1281,-284
-1275,-277
-1270,-270
-1266,-263
-1261,-255
-1257,-248
-1254,-240
-1250,-231
-1248,-223
-1245,-214
-1243,-206
-1242,-197
-1240,-188
-1240,-179
-1240,-170
Beta Regio
1
0:22:False
-2240,1590
-2567,1653
-2562,1666
-2552,1688
-2542,1708
-2530,1728
-2518,1748
-2504,1767
-2490,1785
-2475,1802
-2459,1819
-2442,1835
-2425,1850
-2407,1864
-2388,1878
-2368,1890
-2348,1902
-2328,1912
-2306,1922
-2285,1930
-2262,1938
-2240,1944
Arcadia
1
0:13:False
2273,349
2296,347
2318,344
2340,340
2362,335
2383,329
2404,322
2425,314
2445,305
2460,298
2460,-309
2250,-309
2250,349
L-5 Colony
1
0:137:True
2580,800
2579,803
2579,807
2579,811
2578,815
2577,822
2575,830
2572,837
2569,844
2565,851
2561,858
2556,865
2551,871
2545,877
2539,883
2532,889
2525,895
2517,900
2509,906
2501,911
2492,915
2483,920
2474,924
2464,928
2454,931
2444,935
2433,938
2422,940
2411,943
2399,945
2388,946
2376,948
2364,949
2352,949
2339,949
2327,949
2315,949
2303,948
2291,946
2280,945
2268,943
2257,940
2246,938
2235,935
2225,931
2215,928
2205,924
2196,920
2187,915
2178,911
2170,906
2162,900
2154,895
2147,889
2141,883
2134,877
2128,871
2123,865
2118,858
2114,851
2110,844
2107,837
2104,830
2102,822
2101,815
2100,811
2100,807
2100,803
2100,800
2100,796
2100,792
2100,788
2101,784
2102,777
2104,769
2107,762
2110,755
2114,748
2118,741
2123,735
2128,728
2134,722
2140,716
2147,710
2154,704
2162,699
2170,693
2178,688
2187,684
2196,679
2205,675
2215,671
2225,668
2235,664
2246,661
2257,659
2268,656
2280,654
2291,653
2303,651
2315,650
2327,650
2339,649
2352,650
2364,650
2376,651
2388,653
2399,654
2411,656
2422,659
2433,661
2444,664
2454,668
2464,671
2474,675
2483,679
2492,684
2501,689
2509,693
2517,699
2525,704
2532,710
2539,716
2545,722
2551,728
2556,735
2561,741
2565,748
2569,755
2572,762
2575,769
2577,777
2578,784
2579,788
2579,792
2579,796
2580,800
Aphrodite
1
0:18:False
-2095,1959
-2070,1957
-2046,1954
-2023,1950
-2000,1944
-1977,1938
-1954,1930
-1940,1924
-1940,1540
-2180,1540
-2240,1591
-2240,1944
-2239,1944
-2216,1950
-2193,1954
-2169,1957
-2144,1959
-2120,1960
Ceres Orbit
1
0:129:True
220,1540
219,1546
219,1552
218,1558
217,1564
216,1570
214,1575
212,1581
210,1586
208,1592
205,1597
202,1602
199,1607
196,1611
192,1616
188,1620
184,1624
180,1628
176,1632
171,1636
167,1639
162,1642
157,1645
152,1648
146,1650
141,1652
135,1654
129,1656
124,1657
118,1658
112,1659
106,1659
100,1660
93,1659
87,1659
81,1658
75,1657
70,1656
64,1654
58,1652
53,1650
47,1648
42,1645
37,1642
32,1639
28,1636
23,1632
19,1628
15,1624
11,1620
7,1616
3,1611
0,1607
-2,1602
-5,1597
-8,1592
-10,1586
-12,1581
-14,1575
-16,1569
-17,1564
-18,1558
-19,1552
-19,1546
-20,1540
-19,1533
-19,1527
-18,1521
-17,1515
-16,1510
-14,1504
-12,1498
-10,1493
-8,1487
-5,1482
-2,1477
0,1472
3,1468
7,1463
11,1459
15,1455
19,1451
23,1447
28,1443
32,1440
37,1437
42,1434
47,1431
53,1429
58,1427
64,1425
70,1423
75,1422
81,1421
87,1420
93,1420
100,1420
106,1420
112,1420
118,1421
124,1422
130,1423
135,1425
141,1427
146,1429
152,1431
157,1434
162,1437
167,1440
171,1443
176,1447
180,1451
184,1455
188,1459
192,1463
196,1468
199,1472
202,1477
205,1482
208,1487
210,1493
212,1498
214,1504
216,1510
217,1515
218,1521
219,1527
219,1533
220,1540
Ram HQ
1
0:14:False
2250,349
2250,-309
2040,-309
2040,298
2054,305
2074,314
2095,322
2116,329
2137,335
2159,340
2181,344
2204,347
2226,349
2250,350
Aurora
1
0:149:True
-290,1150
-290,1153
-290,1157
-290,1161
-291,1165
-292,1169
-292,1172
-293,1176
-295,1180
-296,1183
-298,1187
-301,1194
-305,1201
-310,1208
-315,1215
-320,1221
-326,1227
-333,1233
-340,1239
-348,1245
-356,1250
-364,1256
-373,1261
-382,1265
-392,1270
-402,1274
-412,1278
-423,1281
-434,1285
-445,1288
-457,1290
-469,1293
-481,1295
-493,1296
-506,1298
-519,1299
-531,1299
-545,1299
-558,1299
-571,1299
-583,1298
-596,1296
-608,1295
-620,1293
-632,1290
-644,1288
-655,1285
-666,1281
-677,1278
-687,1274
-697,1270
-707,1265
-716,1261
-725,1256
-733,1250
-741,1245
-749,1239
-756,1233
-763,1227
-769,1221
-774,1215
-779,1208
-784,1201
-788,1194
-791,1187
-793,1183
-794,1180
-796,1176
-797,1172
-797,1169
-798,1165
-799,1161
-799,1157
-799,1153
-800,1150
-799,1146
-799,1142
-799,1138
-798,1134
-797,1130
-797,1127
-796,1123
-794,1119
-793,1116
-791,1112
-788,1105
-784,1098
-779,1091
-774,1085
-769,1078
-763,1072
-756,1066
-749,1060
-741,1054
-733,1049
-725,1043
-716,1038
-707,1034
-697,1029
-687,1025
-677,1021
-666,1018
-655,1014
-644,1011
-632,1009
-620,1006
-608,1004
-596,1003
-583,1001
-571,1000
-558,1000
-545,999
-531,1000
-518,1000
-506,1001
-493,1003
-481,1004
-469,1006
-457,1009
-445,1011
-434,1014
-423,1018
-412,1021
-402,1025
-392,1029
-382,1034
-373,1039
-364,1043
-356,1049
-348,1054
-340,1060
-333,1066
-326,1072
-320,1078
-315,1085
-310,1091
-305,1098
-301,1105
-298,1112
-296,1116
-295,1119
-293,1123
-292,1127
-292,1130
-291,1134
-290,1138
-290,1142
-290,1146
-290,1150
Juno
1
0:129:True
-640,1830
-640,1839
-640,1848
-642,1857
-643,1866
-645,1875
-648,1883
-650,1891
-654,1900
-657,1908
-661,1915
-666,1923
-670,1930
-675,1937
-681,1944
-686,1951
-692,1957
-698,1963
-705,1968
-712,1974
-719,1979
-726,1983
-734,1988
-741,1992
-749,1995
-758,1999
-766,2001
-775,2004
-783,2006
-792,2007
-801,2009
-810,2009
-820,2010
-829,2009
-838,2009
-847,2007
-856,2006
-864,2004
-873,2001
-881,1999
-890,1995
-898,1992
-905,1988
-913,1983
-920,1979
-927,1974
-934,1968
-941,1963
-947,1957
-953,1951
-958,1944
-964,1937
-969,1930
-973,1923
-978,1915
-982,1908
-985,1900
-989,1891
-991,1883
-994,1874
-996,1866
-997,1857
-999,1848
-999,1839
-1000,1830
-999,1820
-999,1811
-997,1802
-996,1793
-994,1785
-991,1776
-989,1768
-985,1759
-982,1751
-978,1744
-973,1736
-969,1729
-964,1722
-958,1715
-953,1708
-947,1702
-941,1696
-934,1691
-927,1685
-920,1680
-913,1676
-905,1671
-898,1667
-890,1664
-881,1660
-873,1658
-864,1655
-856,1653
-847,1652
-838,1650
-829,1650
-820,1650
-810,1650
-801,1650
-792,1652
-783,1653
-775,1655
-766,1658
-758,1660
-749,1664
-741,1667
-734,1671
-726,1676
-719,1680
-712,1685
-705,1691
-698,1696
-692,1702
-686,1708
-681,1715
-675,1722
-670,1729
-666,1736
-661,1744
-657,1751
-654,1759
-650,1768
-648,1776
-645,1785
-643,1793
-642,1802
-640,1811
-640,1820
-640,1830
Aurora Orbit
1
0:129:True
-620,1090
-620,1096
-620,1102
-621,1108
-622,1114
-623,1120
-625,1125
-627,1131
-629,1136
-631,1142
-634,1147
-637,1152
-640,1157
-643,1161
-647,1166
-651,1170
-655,1174
-659,1178
-663,1182
-668,1186
-672,1189
-677,1192
-682,1195
-687,1198
-693,1200
-698,1202
-704,1204
-710,1206
-715,1207
-721,1208
-727,1209
-733,1209
-740,1210
-746,1209
-752,1209
-758,1208
-764,1207
-770,1206
-775,1204
-781,1202
-786,1200
-792,1198
-797,1195
-802,1192
-807,1189
-811,1186
-816,1182
-820,1178
-824,1174
-828,1170
-832,1166
-836,1161
-839,1157
-842,1152
-845,1147
-848,1142
-850,1136
-852,1131
-854,1125
-856,1119
-857,1114
-858,1108
-859,1102
-859,1096
-860,1090
-859,1083
-859,1077
-858,1071
-857,1065
-856,1060
-854,1054
-852,1048
-850,1043
-848,1037
-845,1032
-842,1027
-839,1022
-836,1018
-832,1013
-828,1009
-824,1005
-820,1001
-816,997
-811,993
-807,990
-802,987
-797,984
-792,981
-786,979
-781,977
-775,975
-770,973
-764,972
-758,971
-752,970
-746,970
-740,970
-733,970
-727,970
-721,971
-715,972
-710,973
-704,975
-698,977
-693,979
-687,981
-682,984
-677,987
-672,990
-668,993
-663,997
-659,1001
-655,1005
-651,1009
-647,1013
-643,1018
-640,1022
-637,1027
-634,1032
-631,1037
-629,1043
-627,1048
-625,1054
-623,1060
-622,1065
-621,1071
-620,1077
-620,1083
-620,1090
Bach
1
0:34:False
-2090,-290
-2476,-677
-2476,-676
-2490,-662
-2504,-647
-2516,-631
-2528,-614
-2539,-597
-2549,-580
-2558,-562
-2567,-543
-2574,-524
-2581,-504
-2586,-484
-2591,-464
-2595,-443
-2597,-422
-2599,-401
-2599,-398
-2599,-361
-2599,-358
-2597,-337
-2595,-316
-2591,-295
-2586,-275
-2581,-255
-2574,-235
-2567,-216
-2558,-197
-2549,-179
-2539,-162
-2528,-145
-2516,-128
-2508,-117
Mt. Maxwell
1
0:23:False
-1809,1113
-1814,1109
-1832,1095
-1851,1081
-1871,1069
-1891,1057
-1911,1047
-1933,1037
-1954,1029
-1977,1021
-2000,1015
-2023,1009
-2046,1005
-2070,1002
-2095,1000
-2097,1000
-2142,1000
-2144,1000
-2169,1002
-2193,1005
-2209,1008
-2209,1350
-2179,1359
Ceres
1
0:129:True
250,1375
249,1386
248,1398
247,1409
245,1420
242,1431
239,1441
236,1452
232,1462
227,1472
222,1482
217,1491
211,1500
205,1509
198,1518
191,1526
184,1534
176,1541
168,1548
159,1555
150,1561
141,1567
132,1572
122,1577
112,1582
102,1586
91,1589
81,1592
70,1595
59,1597
48,1598
36,1599
25,1600
13,1599
2,1598
-9,1597
-20,1595
-31,1592
-41,1589
-52,1586
-62,1582
-72,1577
-82,1572
-91,1567
-100,1561
-109,1555
-118,1548
-126,1541
-134,1534
-141,1526
-148,1518
-155,1509
-161,1500
-167,1491
-172,1482
-177,1472
-182,1462
-186,1452
-189,1441
-192,1431
-195,1420
-197,1409
-198,1398
-199,1386
-200,1375
-199,1363
-198,1352
-197,1340
-195,1329
-192,1318
-189,1308
-186,1297
-182,1287
-177,1277
-172,1267
-167,1258
-161,1249
-155,1240
-148,1231
-141,1223
-134,1215
-126,1208
-118,1201
-109,1194
-100,1188
-91,1182
-82,1177
-72,1172
-62,1167
-52,1163
-41,1160
-31,1157
-20,1154
-9,1152
2,1151
13,1150
25,1150
36,1150
48,1151
59,1152
70,1154
81,1157
91,1160
102,1163
112,1167
122,1172
132,1177
141,1182
150,1188
159,1194
168,1201
176,1208
184,1215
191,1223
198,1231
205,1240
211,1249
217,1258
222,1267
227,1277
232,1287
236,1297
239,1308
242,1318
245,1329
247,1340
248,1352
249,1363
250,1375
Hygeia
1
0:129:True
-440,1480
-440,1489
-440,1498
-442,1507
-443,1516
-445,1525
-448,1533
-450,1541
-454,1550
-457,1558
-461,1565
-466,1573
-470,1580
-475,1587
-481,1594
-486,1601
-492,1607
-498,1613
-505,1618
-512,1624
-519,1629
-526,1633
-534,1638
-541,1642
-549,1645
-558,1649
-566,1651
-575,1654
-583,1656
-592,1657
-601,1659
-610,1659
-620,1660
-629,1659
-638,1659
-647,1657
-656,1656
-664,1654
-673,1651
-681,1649
-690,1645
-698,1642
-705,1638
-713,1633
-720,1629
-727,1624
-734,1618
-741,1613
-747,1607
-753,1601
-758,1594
-764,1587
-769,1580
-773,1573
-778,1565
-782,1558
-785,1550
-789,1541
-791,1533
-794,1524
-796,1516
-797,1507
-799,1498
-799,1489
-800,1480
-799,1470
-799,1461
-797,1452
-796,1443
-794,1435
-791,1426
-789,1418
-785,1409
-782,1401
-778,1394
-773,1386
-769,1379
-764,1372
-758,1365
-753,1358
-747,1352
-741,1346
-734,1341
-727,1335
-720,1330
-713,1326
-705,1321
-698,1317
-690,1314
-681,1310
-673,1308
-664,1305
-656,1303
-647,1302
-638,1300
-629,1300
-620,1300
-610,1300
-601,1300
-592,1302
-583,1303
-575,1305
-566,1308
-558,1310
-549,1314
-541,1317
-534,1321
-526,1326
-519,1330
-512,1335
-505,1341
-498,1346
-492,1352
-486,1358
-481,1365
-475,1372
-470,1379
-466,1386
-461,1394
-457,1401
-454,1409
-450,1418
-448,1426
-445,1435
-443,1443
-442,1452
-440,1461
-440,1470
-440,1480
Tolstoi
1
0:40:False
-1883,-83
-1869,-97
-1855,-112
-1843,-128
-1831,-145
-1820,-162
-1810,-179
-1801,-197
-1793,-216
-1785,-235
-1778,-255
-1773,-275
-1768,-295
-1764,-316
-1762,-337
-1760,-358
-1760,-365
-1760,-394
-1760,-401
-1762,-422
-1764,-443
-1768,-464
-1773,-484
-1778,-504
-1785,-524
-1793,-543
-1801,-562
-1810,-580
-1820,-597
-1831,-614
-1843,-631
-1855,-647
-1869,-662
-1883,-676
-1897,-690
-1912,-704
-1928,-716
-1942,-726
-2119,-319
-1883,-82
The Warrens
1
0:33:False
-1942,-726
-1945,-728
-1962,-739
-1979,-749
-1997,-758
-2016,-767
-2035,-774
-2055,-781
-2075,-786
-2095,-791
-2116,-795
-2137,-797
-2158,-799
-2160,-799
-2199,-799
-2201,-799
-2222,-797
-2243,-795
-2264,-791
-2284,-786
-2304,-781
-2324,-774
-2343,-767
-2362,-758
-2380,-749
-2397,-739
-2414,-728
-2431,-716
-2447,-704
-2462,-690
-2476,-676
-2477,-676
-2120,-320
Aerostates
1
0:24:False
-2210,1008
-2216,1009
-2239,1015
-2262,1021
-2285,1029
-2306,1037
-2328,1047
-2348,1057
-2368,1069
-2388,1081
-2407,1095
-2425,1109
-2442,1124
-2459,1140
-2475,1157
-2490,1174
-2504,1192
-2518,1211
-2530,1231
-2542,1251
-2552,1271
-2562,1293
-2566,1304
-2210,1351
Deimos
1
0:209:True
1700,-700
1699,-692
1699,-684
1699,-676
1698,-669
1697,-661
1696,-654
1695,-646
1693,-639
1692,-632
1690,-625
1688,-617
1686,-610
1684,-603
1681,-596
1679,-590
1676,-583
1673,-576
1670,-569
1667,-563
1663,-557
1656,-544
1648,-532
1640,-520
1631,-509
1622,-498
1612,-487
1601,-477
1590,-468
1579,-459
1567,-451
1555,-443
1542,-436
1536,-432
1530,-429
1523,-426
1516,-423
1509,-420
1503,-418
1496,-415
1489,-413
1482,-411
1474,-409
1467,-407
1460,-406
1453,-404
1445,-403
1438,-402
1430,-401
1423,-400
1415,-400
1407,-400
1399,-400
1392,-400
1384,-400
1376,-400
1369,-401
1361,-402
1354,-403
1346,-404
1339,-406
1332,-407
1325,-409
1317,-411
1310,-413
1303,-415
1296,-418
1290,-420
1283,-423
1276,-426
1269,-429
1263,-432
1257,-436
1244,-443
1232,-451
1220,-459
1209,-468
1198,-477
1187,-487
1177,-498
1168,-509
1159,-520
1151,-532
1143,-544
1136,-557
1132,-563
1129,-569
1126,-576
1123,-583
1120,-590
1118,-596
1115,-603
1113,-610
1111,-617
1109,-625
1107,-632
1106,-639
1104,-646
1103,-654
1102,-661
1101,-669
1100,-677
1100,-684
1100,-692
1099,-700
1100,-707
1100,-715
1100,-723
1101,-730
1102,-738
1103,-745
1104,-753
1106,-760
1107,-767
1109,-774
1111,-782
1113,-789
1115,-796
1118,-803
1120,-810
1123,-816
1126,-823
1129,-830
1132,-836
1136,-843
1143,-855
1151,-867
1159,-879
1168,-890
1177,-901
1187,-912
1198,-922
1209,-931
1220,-940
1232,-948
1244,-956
1256,-963
1263,-967
1269,-970
1276,-973
1283,-976
1289,-979
1296,-981
1303,-984
1310,-986
1317,-988
1324,-990
1332,-992
1339,-993
1346,-995
1354,-996
1361,-997
1369,-998
1376,-999
1384,-999
1392,-999
1399,-1000
1407,-999
1415,-999
1423,-999
1430,-998
1438,-997
1445,-996
1453,-995
1460,-993
1467,-992
1474,-990
1482,-988
1489,-986
1496,-984
1503,-981
1510,-979
1516,-976
1523,-973
1530,-970
1536,-967
1543,-963
1555,-956
1567,-948
1579,-940
1590,-931
1601,-922
1612,-912
1622,-901
1631,-890
1640,-879
1648,-867
1656,-855
1663,-843
1667,-836
1670,-830
1673,-823
1676,-816
1679,-810
1681,-803
1684,-796
1686,-789
1688,-782
1690,-775
1692,-767
1693,-760
1695,-753
1696,-745
1697,-738
1698,-730
1699,-723
1699,-715
1699,-707
1699,-700
Eurasian Regency
1
0:10:False
2820,1389
2812,1371
2802,1351
2790,1331
2778,1311
2764,1292
2754,1280
2380,1280
2380,1550
2500,1550
Pallas
1
0:129:True
840,1165
839,1173
839,1181
837,1190
836,1198
833,1206
831,1214
828,1221
824,1229
820,1236
816,1243
811,1250
806,1257
801,1263
795,1269
789,1275
782,1281
776,1287
769,1292
761,1297
754,1301
746,1306
737,1310
729,1313
720,1317
712,1320
703,1322
693,1324
684,1326
674,1328
664,1329
655,1329
645,1330
634,1329
625,1329
615,1328
605,1326
596,1324
587,1322
577,1320
569,1317
560,1313
552,1310
543,1306
535,1301
528,1297
520,1292
513,1287
507,1281
500,1275
494,1269
488,1263
483,1257
478,1250
473,1243
469,1236
465,1229
461,1221
458,1214
456,1206
453,1198
452,1190
451,1181
450,1173
450,1165
450,1156
451,1148
452,1139
453,1131
456,1123
458,1115
461,1108
465,1100
469,1093
473,1086
478,1079
483,1072
488,1066
494,1060
500,1054
507,1048
513,1042
520,1037
528,1032
535,1028
543,1023
552,1019
560,1016
569,1012
577,1010
587,1007
596,1005
605,1003
615,1001
625,1000
634,1000
645,1000
655,1000
664,1000
674,1001
684,1003
693,1005
703,1007
712,1010
720,1012
729,1016
737,1019
746,1023
754,1028
761,1032
769,1037
776,1042
782,1048
789,1054
795,1060
801,1066
806,1072
811,1079
816,1086
820,1093
824,1100
828,1108
831,1115
833,1123
836,1131
837,1139
839,1148
839,1156
840,1165
L-4 Colony
1
0:129:True
1740,750
1739,757
1739,765
1737,772
1736,780
1733,787
1731,794
1728,801
1724,808
1720,815
1716,821
1711,827
1706,833
1701,839
1695,845
1689,850
1682,856
1676,861
1669,865
1661,870
1654,874
1646,878
1637,881
1629,885
1620,888
1612,890
1603,893
1593,895
1584,896
1574,898
1564,899
1555,899
1545,900
1534,899
1525,899
1515,898
1505,896
1496,895
1487,893
1477,890
1469,888
1460,885
1452,881
1443,878
1435,874
1428,870
1420,865
1413,861
1407,856
1400,850
1394,845
1388,839
1383,833
1378,827
1373,821
1369,815
1365,808
1361,801
1358,794
1356,787
1353,780
1352,772
1351,765
1350,757
1350,750
1350,742
1351,734
1352,727
1353,719
1356,712
1358,705
1361,698
1365,691
1369,684
1373,678
1378,672
1383,666
1388,660
1394,654
1400,649
1407,643
1413,638
1420,634
1428,629
1435,625
1443,621
1452,618
1460,614
1469,611
1477,609
1487,606
1496,604
1505,603
1515,601
1525,600
1534,600
1545,600
1555,600
1564,600
1574,601
1584,603
1593,604
1603,606
1612,609
1620,611
1629,614
1637,618
1646,621
1654,625
1661,629
1669,634
1676,638
1682,643
1689,649
1695,654
1701,660
1706,666
1711,672
1716,678
1720,684
1724,691
1728,698
1731,705
1733,712
1736,719
1737,727
1739,734
1739,742
1740,750
Thule Orbit
1
0:129:True
950,1950
949,1956
949,1962
948,1968
947,1974
946,1980
944,1985
942,1991
940,1996
938,2002
935,2007
932,2012
929,2017
926,2021
922,2026
918,2030
914,2034
910,2038
906,2042
901,2046
897,2049
892,2052
887,2055
882,2058
876,2060
871,2062
865,2064
859,2066
854,2067
848,2068
842,2069
836,2069
830,2070
823,2069
817,2069
811,2068
805,2067
800,2066
794,2064
788,2062
783,2060
777,2058
772,2055
767,2052
762,2049
758,2046
753,2042
749,2038
745,2034
741,2030
737,2026
733,2021
730,2017
727,2012
724,2007
721,2002
719,1996
717,1991
715,1985
713,1979
712,1974
711,1968
710,1962
710,1956
710,1950
710,1943
710,1937
711,1931
712,1925
713,1920
715,1914
717,1908
719,1903
721,1897
724,1892
727,1887
730,1882
733,1878
737,1873
741,1869
745,1865
749,1861
753,1857
758,1853
762,1850
767,1847
772,1844
777,1841
783,1839
788,1837
794,1835
800,1833
805,1832
811,1831
817,1830
823,1830
830,1830
836,1830
842,1830
848,1831
854,1832
860,1833
865,1835
871,1837
876,1839
882,1841
887,1844
892,1847
897,1850
901,1853
906,1857
910,1861
914,1865
918,1869
922,1873
926,1878
929,1882
932,1887
935,1892
938,1897
940,1903
942,1908
944,1914
946,1920
947,1925
948,1931
949,1937
949,1943
950,1950
Fortuna
1
0:129:True
360,1880
359,1889
359,1898
357,1907
356,1916
354,1925
351,1933
349,1941
345,1950
342,1958
338,1965
333,1973
329,1980
324,1987
318,1994
313,2001
307,2007
301,2013
294,2018
287,2024
280,2029
273,2033
265,2038
258,2042
250,2045
241,2049
233,2051
224,2054
216,2056
207,2057
198,2059
189,2059
180,2060
170,2059
161,2059
152,2057
143,2056
135,2054
126,2051
118,2049
109,2045
101,2042
94,2038
86,2033
79,2029
72,2024
65,2018
58,2013
52,2007
46,2001
41,1994
35,1987
30,1980
26,1973
21,1965
17,1958
14,1950
10,1941
8,1933
5,1924
3,1916
2,1907
0,1898
0,1889
0,1880
0,1870
0,1861
2,1852
3,1843
5,1835
8,1826
10,1818
14,1809
17,1801
21,1794
26,1786
30,1779
35,1772
41,1765
46,1758
52,1752
58,1746
65,1741
72,1735
79,1730
86,1726
94,1721
101,1717
109,1714
118,1710
126,1708
135,1705
143,1703
152,1702
161,1700
170,1700
180,1700
189,1700
198,1700
207,1702
216,1703
225,1705
233,1708
241,1710
250,1714
258,1717
265,1721
273,1726
280,1730
287,1735
294,1741
301,1746
307,1752
313,1758
318,1765
324,1772
329,1779
333,1786
338,1794
342,1801
345,1809
349,1818
351,1826
354,1835
356,1843
357,1852
359,1861
359,1870
360,1880
Sobkou Plains
1
0:39:False
-2158,39
-2137,37
-2116,35
-2095,31
-2075,26
-2055,21
-2035,14
-2016,7
-1997,-1
-1979,-10
-1962,-20
-1945,-31
-1928,-43
-1912,-55
-1897,-69
-1883,-83
-1882,-83
-2089,-289
-2507,-117
-2504,-112
-2490,-97
-2476,-83
-2462,-69
-2447,-55
-2431,-43
-2414,-31
-2397,-20
-2380,-10
-2362,-1
-2343,7
-2324,14
-2304,21
-2284,26
-2264,31
-2243,35
-2222,37
-2201,39
-2193,39
-2166,39
African Regency
1
0:24:False
2812,1788
2822,1766
2830,1745
2838,1722
2844,1699
2850,1676
2854,1653
2857,1629
2859,1604
2859,1586
2859,1573
2859,1555
2857,1530
2854,1506
2850,1483
2844,1460
2838,1437
2830,1414
2822,1393
2820,1389
2500,1549
2380,1549
2380,1789
2811,1789
American Regency
1
0:14:False
2380,1280
2005,1280
1995,1292
1981,1311
1969,1331
1957,1351
1947,1371
1937,1393
1929,1414
1921,1437
1915,1460
1909,1483
1908,1490
2380,1490
Wreckers
1
0:25:False
-1933,1922
-1911,1912
-1891,1902
-1871,1890
-1851,1878
-1832,1864
-1814,1850
-1797,1835
-1780,1819
-1764,1802
-1749,1785
-1735,1767
-1721,1748
-1709,1728
-1697,1708
-1687,1688
-1677,1666
-1669,1645
-1661,1622
-1655,1599
-1649,1576
-1645,1553
-1643,1540
-1940,1540
-1940,1924
Australian Development Facility
1
0:32:False
2319,1789
2199,1789
1901,1610
1902,1629
1905,1653
1909,1676
1915,1699
1921,1722
1929,1745
1937,1766
1947,1788
1957,1808
1969,1828
1981,1848
1995,1867
2009,1885
2024,1902
2040,1919
2057,1935
2074,1950
2092,1964
2111,1978
2131,1990
2151,2002
2171,2012
2193,2022
2214,2030
2237,2038
2260,2044
2283,2050
2306,2054
2319,2056
Thule
1
0:129:True
920,1830
919,1839
918,1848
917,1857
915,1866
913,1875
910,1883
907,1891
903,1900
899,1908
894,1915
889,1923
884,1930
878,1937
872,1944
865,1951
858,1957
851,1963
843,1968
835,1974
827,1979
818,1983
810,1988
801,1992
791,1995
782,1999
772,2001
762,2004
752,2006
741,2007
731,2009
720,2009
710,2010
699,2009
688,2009
678,2007
667,2006
657,2004
647,2001
637,1999
628,1995
618,1992
609,1988
601,1983
592,1979
584,1974
576,1968
568,1963
561,1957
554,1951
547,1944
541,1937
535,1930
530,1923
525,1915
520,1908
516,1900
512,1891
509,1883
506,1874
504,1866
502,1857
501,1848
500,1839
500,1830
500,1820
501,1811
502,1802
504,1793
506,1785
509,1776
512,1768
516,1759
520,1751
525,1744
530,1736
535,1729
541,1722
547,1715
554,1708
561,1702
568,1696
576,1691
584,1685
592,1680
601,1676
609,1671
618,1667
628,1664
637,1660
647,1658
657,1655
667,1653
678,1652
688,1650
699,1650
710,1650
720,1650
731,1650
741,1652
752,1653
762,1655
772,1658
782,1660
791,1664
801,1667
810,1671
818,1676
827,1680
835,1685
843,1691
851,1696
858,1702
865,1708
872,1715
878,1722
884,1729
889,1736
894,1744
899,1751
903,1759
907,1768
910,1776
913,1785
915,1793
917,1802
918,1811
919,1820
920,1830
Pavonis
1
0:47:False
2464,295
2483,284
2501,273
2519,260
2536,247
2552,233
2568,218
2583,202
2597,186
2610,169
2623,151
2634,133
2645,114
2655,95
2664,75
2672,54
2679,33
2685,12
2690,-9
2694,-31
2697,-53
2699,-76
2700,-100
2699,-123
2697,-146
2694,-168
2690,-190
2685,-212
2679,-233
2672,-254
2664,-275
2655,-295
2645,-314
2634,-333
2623,-351
2610,-369
2597,-386
2583,-402
2568,-418
2552,-433
2536,-447
2519,-460
2501,-473
2483,-484
2464,-495
2460,-497
2460,298
Psyche
1
0:129:True
920,1485
919,1491
918,1498
917,1505
915,1512
913,1518
910,1525
907,1531
903,1537
899,1543
894,1549
889,1555
884,1560
878,1565
872,1570
865,1575
858,1580
851,1584
843,1589
835,1593
827,1596
818,1600
810,1603
801,1606
791,1609
782,1611
772,1613
762,1615
752,1617
741,1618
731,1619
720,1619
710,1620
699,1619
688,1619
678,1618
667,1617
657,1615
647,1613
637,1611
628,1609
618,1606
609,1603
601,1600
592,1596
584,1593
576,1589
568,1584
561,1580
554,1575
547,1570
541,1565
535,1560
530,1555
525,1549
520,1543
516,1537
512,1531
509,1525
506,1518
504,1512
502,1505
501,1498
500,1491
500,1485
500,1478
501,1471
502,1464
504,1457
506,1451
509,1444
512,1438
516,1432
520,1426
525,1420
530,1415
535,1409
541,1404
547,1399
554,1394
561,1389
568,1385
576,1380
584,1376
592,1373
601,1369
609,1366
618,1363
628,1360
637,1358
647,1356
657,1354
667,1352
678,1351
688,1350
699,1350
710,1350
720,1350
731,1350
741,1351
752,1352
762,1354
772,1356
782,1358
791,1360
801,1363
810,1366
818,1369
827,1373
835,1376
843,1380
851,1385
858,1389
865,1394
872,1399
878,1404
884,1409
889,1415
894,1420
899,1426
903,1432
907,1438
910,1444
913,1451
915,1457
917,1464
918,1471
919,1478
920,1485
Pallas Orbit
1
0:129:True
570,1240
569,1246
569,1252
568,1258
567,1264
566,1270
564,1275
562,1281
560,1286
558,1292
555,1297
552,1302
549,1307
546,1311
542,1316
538,1320
534,1324
530,1328
526,1332
521,1336
517,1339
512,1342
507,1345
502,1348
496,1350
491,1352
485,1354
479,1356
474,1357
468,1358
462,1359
456,1359
450,1360
443,1359
437,1359
431,1358
425,1357
420,1356
414,1354
408,1352
403,1350
397,1348
392,1345
387,1342
382,1339
378,1336
373,1332
369,1328
365,1324
361,1320
357,1316
353,1311
350,1307
347,1302
344,1297
341,1292
339,1286
337,1281
335,1275
333,1269
332,1264
331,1258
330,1252
330,1246
330,1240
330,1233
330,1227
331,1221
332,1215
333,1210
335,1204
337,1198
339,1193
341,1187
344,1182
347,1177
350,1172
353,1168
357,1163
361,1159
365,1155
369,1151
373,1147
378,1143
382,1140
387,1137
392,1134
397,1131
403,1129
408,1127
414,1125
420,1123
425,1122
431,1121
437,1120
443,1120
450,1120
456,1120
462,1120
468,1121
474,1122
480,1123
485,1125
491,1127
496,1129
502,1131
507,1134
512,1137
517,1140
521,1143
526,1147
530,1151
534,1155
538,1159
542,1163
546,1168
549,1172
552,1177
555,1182
558,1187
560,1193
562,1198
564,1204
566,1210
567,1215
568,1221
569,1227
569,1233
570,1240
Space Elevator
1
0:216:False
2576,-350
2582,-351
2588,-352
2594,-354
2600,-357
2605,-360
2611,-363
2616,-367
2622,-372
2627,-377
2632,-382
2637,-388
2641,-394
2646,-401
2650,-408
2654,-415
2658,-423
2662,-431
2666,-440
2669,-449
2672,-458
2675,-467
2678,-477
2680,-487
2682,-497
2684,-508
2686,-518
2687,-529
2688,-540
2689,-552
2689,-563
2690,-575
2689,-586
2689,-598
2688,-609
2687,-620
2686,-631
2684,-641
2682,-652
2680,-662
2678,-672
2676,-679
2678,-680
2686,-688
2693,-695
2700,-703
2707,-712
2713,-720
2718,-729
2723,-737
2725,-742
2727,-747
2729,-751
2731,-756
2733,-760
2734,-765
2735,-770
2736,-775
2737,-780
2738,-785
2739,-789
2739,-794
2739,-799
2740,-804
2739,-810
2739,-815
2739,-819
2738,-824
2737,-829
2736,-834
2735,-839
2734,-844
2733,-849
2731,-853
2729,-858
2727,-862
2725,-867
2723,-872
2718,-880
2713,-889
2707,-897
2700,-906
2693,-914
2686,-921
2678,-929
2669,-936
2660,-942
2651,-949
2641,-955
2631,-961
2620,-966
2610,-971
2598,-976
2587,-980
2575,-984
2562,-988
2550,-991
2537,-993
2524,-996
2511,-997
2497,-998
2483,-999
2469,-1000
2456,-999
2442,-999
2428,-997
2415,-996
2402,-993
2389,-991
2377,-988
2364,-984
2352,-980
2341,-976
2329,-971
2319,-966
2308,-961
2298,-955
2288,-949
2279,-942
2270,-936
2261,-929
2253,-921
2246,-914
2239,-906
2232,-897
2226,-889
2221,-880
2216,-872
2214,-867
2212,-862
2210,-858
2208,-853
2206,-849
2205,-844
2204,-839
2203,-834
2202,-829
2201,-824
2200,-819
2200,-815
2200,-810
2200,-804
2200,-799
2200,-794
2200,-789
2201,-785
2202,-780
2203,-775
2204,-770
2205,-765
2206,-760
2208,-756
2210,-751
2212,-747
2214,-742
2216,-737
2221,-729
2226,-720
2232,-712
2239,-703
2246,-695
2253,-688
2261,-680
2270,-673
2279,-667
2288,-660
2298,-654
2308,-648
2319,-643
2330,-638
2341,-633
2352,-629
2364,-625
2377,-621
2389,-618
2402,-616
2415,-613
2428,-612
2442,-610
2451,-610
2451,-609
2450,-598
2450,-586
2450,-575
2450,-563
2450,-552
2451,-540
2452,-529
2453,-518
2455,-508
2457,-497
2459,-487
2461,-477
2464,-467
2467,-458
2470,-449
2473,-440
2477,-431
2481,-423
2485,-415
2489,-408
2493,-401
2498,-394
2502,-388
2507,-382
2512,-377
2518,-372
2523,-367
2528,-363
2534,-360
2540,-357
2545,-354
2551,-352
2557,-351
2563,-350
2570,-350
Coprates Chasm
1
0:48:False
2040,-497
2035,-495
2016,-484
1998,-473
1980,-460
1963,-447
1947,-433
1931,-418
1916,-402
1902,-386
1889,-369
1876,-351
1865,-333
1854,-314
1844,-295
1835,-275
1827,-254
1820,-233
1814,-212
1809,-190
1805,-168
1802,-146
1800,-123
1800,-100
1800,-99
1800,-76
1802,-53
1805,-31
1809,-9
1814,12
1820,33
1827,54
1835,75
1844,95
1854,114
1865,133
1876,151
1889,169
1902,186
1916,202
1931,218
1947,233
1963,247
1980,260
1998,273
2016,284
2035,295
2040,298
Antarctic Testing Zone
1
0:28:False
2404,2059
2429,2057
2453,2054
2476,2050
2499,2044
2522,2038
2545,2030
2566,2022
2588,2012
2608,2002
2628,1990
2648,1978
2667,1964
2685,1950
2702,1935
2719,1919
2735,1902
2750,1885
2764,1867
2778,1848
2790,1828
2802,1808
2811,1790
2320,1790
2320,2056
2330,2057
2355,2059
2380,2060
Boreal Sea
1
0:24:False
2460,-497
2445,-505
2425,-514
2404,-522
2383,-529
2362,-535
2340,-540
2318,-544
2296,-547
2273,-549
2250,-550
2249,-550
2226,-549
2204,-547
2181,-544
2159,-540
2137,-535
2116,-529
2095,-522
2074,-514
2054,-505
2040,-497
2040,-309
2460,-309
Lowlanders
1
0:24:False
-2240,1590
-2180,1539
-2180,1359
-2210,1350
-2544,1255
-2552,1271
-2562,1293
-2570,1314
-2578,1337
-2584,1360
-2590,1383
-2594,1406
-2597,1430
-2599,1455
-2599,1474
-2599,1485
-2599,1504
-2597,1529
-2594,1553
-2590,1576
-2584,1599
-2578,1622
-2570,1645
-2567,1653
Mariposas
1
0:149:True
-1190,-644
-1190,-642
-1190,-639
-1190,-636
-1191,-634
-1192,-631
-1192,-629
-1193,-626
-1195,-623
-1196,-621
-1198,-618
-1201,-613
-1205,-608
-1210,-604
-1215,-599
-1220,-594
-1226,-590
-1233,-586
-1240,-582
-1248,-578
-1256,-574
-1264,-570
-1273,-567
-1282,-563
-1292,-560
-1302,-557
-1312,-555
-1323,-552
-1334,-550
-1345,-548
-1357,-546
-1369,-544
-1381,-543
-1393,-542
-1406,-541
-1419,-540
-1431,-540
-1445,-540
-1458,-540
-1471,-540
-1483,-541
-1496,-542
-1508,-543
-1520,-544
-1532,-546
-1544,-548
-1555,-550
-1566,-552
-1577,-555
-1587,-557
-1597,-560
-1607,-563
-1616,-567
-1625,-570
-1633,-574
-1641,-578
-1649,-582
-1656,-586
-1663,-590
-1669,-594
-1674,-599
-1679,-604
-1684,-608
-1688,-613
-1691,-618
-1693,-621
-1694,-623
-1696,-626
-1697,-629
-1697,-631
-1698,-634
-1699,-636
-1699,-639
-1699,-642
-1700,-644
-1699,-647
-1699,-650
-1699,-653
-1698,-655
-1697,-658
-1697,-660
-1696,-663
-1694,-666
-1693,-668
-1691,-671
-1688,-676
-1684,-681
-1679,-685
-1674,-690
-1669,-695
-1663,-699
-1656,-703
-1649,-707
-1641,-711
-1633,-715
-1625,-719
-1616,-722
-1607,-726
-1597,-729
-1587,-732
-1577,-734
-1566,-737
-1555,-739
-1544,-741
-1532,-743
-1520,-745
-1508,-746
-1496,-747
-1483,-748
-1471,-749
-1458,-749
-1445,-749
-1431,-749
-1418,-749
-1406,-748
-1393,-747
-1381,-746
-1369,-745
-1357,-743
-1345,-741
-1334,-739
-1323,-737
-1312,-734
-1302,-732
-1292,-729
-1282,-726
-1273,-722
-1264,-719
-1256,-715
-1248,-711
-1240,-707
-1233,-703
-1226,-699
-1220,-695
-1215,-690
-1210,-685
-1205,-681
-1201,-676
-1198,-671
-1196,-668
-1195,-666
-1193,-663
-1192,-660
-1192,-658
-1191,-655
-1190,-653
-1190,-650
-1190,-647
-1190,-644
Fortuna Orbit
1
0:129:True
480,1970
479,1976
479,1982
478,1988
477,1994
476,2000
474,2005
472,2011
470,2016
468,2022
465,2027
462,2032
459,2037
456,2041
452,2046
448,2050
444,2054
440,2058
436,2062
431,2066
427,2069
422,2072
417,2075
412,2078
406,2080
401,2082
395,2084
389,2086
384,2087
378,2088
372,2089
366,2089
360,2090
353,2089
347,2089
341,2088
335,2087
330,2086
324,2084
318,2082
313,2080
307,2078
302,2075
297,2072
292,2069
288,2066
283,2062
279,2058
275,2054
271,2050
267,2046
263,2041
260,2037
257,2032
254,2027
251,2022
249,2016
247,2011
245,2005
243,1999
242,1994
241,1988
240,1982
240,1976
240,1970
240,1963
240,1957
241,1951
242,1945
243,1940
245,1934
247,1928
249,1923
251,1917
254,1912
257,1907
260,1902
263,1898
267,1893
271,1889
275,1885
279,1881
283,1877
288,1873
292,1870
297,1867
302,1864
307,1861
313,1859
318,1857
324,1855
330,1853
335,1852
341,1851
347,1850
353,1850
360,1850
366,1850
372,1850
378,1851
384,1852
390,1853
395,1855
401,1857
406,1859
412,1861
417,1864
422,1867
427,1870
431,1873
436,1877
440,1881
444,1885
448,1889
452,1893
456,1898
459,1902
462,1907
465,1912
468,1917
470,1923
472,1928
474,1934
476,1940
477,1945
478,1951
479,1957
479,1963
480,1970
Elysium
1
0:25:False
-1642,1529
-1640,1504
-1640,1488
-1640,1471
-1640,1455
-1642,1430
-1645,1406
-1649,1383
-1655,1360
-1661,1337
-1669,1314
-1677,1293
-1687,1271
-1697,1251
-1709,1231
-1721,1211
-1735,1192
-1749,1174
-1764,1157
-1780,1140
-1797,1124
-1810,1113
-2179,1359
-2179,1539
-1643,1539
Vesta Orbit
1
0:129:True
-140,1680
-140,1686
-140,1692
-141,1698
-142,1704
-143,1710
-145,1715
-147,1721
-149,1726
-151,1732
-154,1737
-157,1742
-160,1747
-163,1751
-167,1756
-171,1760
-175,1764
-179,1768
-183,1772
-188,1776
-192,1779
-197,1782
-202,1785
-207,1788
-213,1790
-218,1792
-224,1794
-230,1796
-235,1797
-241,1798
-247,1799
-253,1799
-260,1800
-266,1799
-272,1799
-278,1798
-284,1797
-290,1796
-295,1794
-301,1792
-306,1790
-312,1788
-317,1785
-322,1782
-327,1779
-331,1776
-336,1772
-340,1768
-344,1764
-348,1760
-352,1756
-356,1751
-359,1747
-362,1742
-365,1737
-368,1732
-370,1726
-372,1721
-374,1715
-376,1709
-377,1704
-378,1698
-379,1692
-379,1686
-380,1680
-379,1673
-379,1667
-378,1661
-377,1655
-376,1650
-374,1644
-372,1638
-370,1633
-368,1627
-365,1622
-362,1617
-359,1612
-356,1608
-352,1603
-348,1599
-344,1595
-340,1591
-336,1587
-331,1583
-327,1580
-322,1577
-317,1574
-312,1571
-306,1569
-301,1567
-295,1565
-290,1563
-284,1562
-278,1561
-272,1560
-266,1560
-260,1560
-253,1560
-247,1560
-241,1561
-235,1562
-230,1563
-224,1565
-218,1567
-213,1569
-207,1571
-202,1574
-197,1577
-192,1580
-188,1583
-183,1587
-179,1591
-175,1595
-171,1599
-167,1603
-163,1608
-160,1612
-157,1617
-154,1622
-151,1627
-149,1633
-147,1638
-145,1644
-143,1650
-142,1655
-141,1661
-140,1667
-140,1673
-140,1680
Hygeia Orbit
1
0:129:True
-710,1510
-710,1516
-710,1522
-711,1528
-712,1534
-713,1540
-715,1545
-717,1551
-719,1556
-721,1562
-724,1567
-727,1572
-730,1577
-733,1581
-737,1586
-741,1590
-745,1594
-749,1598
-753,1602
-758,1606
-762,1609
-767,1612
-772,1615
-777,1618
-783,1620
-788,1622
-794,1624
-800,1626
-805,1627
-811,1628
-817,1629
-823,1629
-830,1630
-836,1629
-842,1629
-848,1628
-854,1627
-860,1626
-865,1624
-871,1622
-876,1620
-882,1618
-887,1615
-892,1612
-897,1609
-901,1606
-906,1602
-910,1598
-914,1594
-918,1590
-922,1586
-926,1581
-929,1577
-932,1572
-935,1567
-938,1562
-940,1556
-942,1551
-944,1545
-946,1539
-947,1534
-948,1528
-949,1522
-949,1516
-950,1510
-949,1503
-949,1497
-948,1491
-947,1485
-946,1480
-944,1474
-942,1468
-940,1463
-938,1457
-935,1452
-932,1447
-929,1442
-926,1438
-922,1433
-918,1429
-914,1425
-910,1421
-906,1417
-901,1413
-897,1410
-892,1407
-887,1404
-882,1401
-876,1399
-871,1397
-865,1395
-860,1393
-854,1392
-848,1391
-842,1390
-836,1390
-830,1390
-823,1390
-817,1390
-811,1391
-805,1392
-800,1393
-794,1395
-788,1397
-783,1399
-777,1401
-772,1404
-767,1407
-762,1410
-758,1413
-753,1417
-749,1421
-745,1425
-741,1429
-737,1433
-733,1438
-730,1442
-727,1447
-724,1452
-721,1457
-719,1463
-717,1468
-715,1474
-713,1480
-712,1485
-711,1491
-710,1497
-710,1503
-710,1510
Juno Orbit
1
0:129:True
-580,1950
-580,1956
-580,1962
-581,1968
-582,1974
-583,1980
-585,1985
-587,1991
-589,1996
-591,2002
-594,2007
-597,2012
-600,2017
-603,2021
-607,2026
-611,2030
-615,2034
-619,2038
-623,2042
-628,2046
-632,2049
-637,2052
-642,2055
-647,2058
-653,2060
-658,2062
-664,2064
-670,2066
-675,2067
-681,2068
-687,2069
-693,2069
-700,2070
-706,2069
-712,2069
-718,2068
-724,2067
-730,2066
-735,2064
-741,2062
-746,2060
-752,2058
-757,2055
-762,2052
-767,2049
-771,2046
-776,2042
-780,2038
-784,2034
-788,2030
-792,2026
-796,2021
-799,2017
-802,2012
-805,2007
-808,2002
-810,1996
-812,1991
-814,1985
-816,1979
-817,1974
-818,1968
-819,1962
-819,1956
-820,1950
-819,1943
-819,1937
-818,1931
-817,1925
-816,1920
-814,1914
-812,1908
-810,1903
-808,1897
-805,1892
-802,1887
-799,1882
-796,1878
-792,1873
-788,1869
-784,1865
-780,1861
-776,1857
-771,1853
-767,1850
-762,1847
-757,1844
-752,1841
-746,1839
-741,1837
-735,1835
-730,1833
-724,1832
-718,1831
-712,1830
-706,1830
-700,1830
-693,1830
-687,1830
-681,1831
-675,1832
-670,1833
-664,1835
-658,1837
-653,1839
-647,1841
-642,1844
-637,1847
-632,1850
-628,1853
-623,1857
-619,1861
-615,1865
-611,1869
-607,1873
-603,1878
-600,1882
-597,1887
-594,1892
-591,1897
-589,1903
-587,1908
-585,1914
-583,1920
-582,1925
-581,1931
-580,1937
-580,1943
-580,1950
Farside
1
0:57:False
1694,1827
1699,1821
1703,1814
1708,1807
1712,1801
1716,1794
1720,1787
1723,1780
1727,1773
1730,1765
1734,1758
1737,1751
1739,1743
1742,1735
1745,1728
1747,1720
1749,1712
1751,1704
1753,1696
1754,1688
1756,1680
1757,1672
1758,1663
1759,1655
1759,1646
1759,1645
1759,1615
1759,1612
1759,1604
1758,1596
1757,1587
1756,1579
1754,1571
1753,1563
1751,1555
1749,1547
1747,1539
1745,1531
1742,1524
1739,1516
1737,1508
1734,1501
1730,1494
1727,1486
1723,1479
1720,1472
1716,1465
1712,1458
1708,1452
1703,1445
1699,1438
1694,1432
1692,1429
1400,1600
1430,1630
1400,1660
1692,1830
Near Moon Orbit
2
0:233:True
429,1909
421,1909
413,1909
404,1909
396,1908
387,1907
379,1906
371,1904
363,1903
355,1901
347,1899
339,1897
331,1895
324,1892
316,1889
309,1887
301,1884
294,1880
286,1877
279,1873
272,1870
265,1866
258,1862
252,1858
245,1853
238,1849
232,1844
220,1834
208,1824
196,1813
185,1801
175,1789
165,1777
160,1771
156,1764
151,1757
147,1751
143,1744
139,1737
136,1730
132,1723
129,1715
125,1708
122,1700
120,1693
117,1685
114,1678
112,1670
110,1662
108,1654
106,1646
105,1638
103,1630
102,1621
101,1613
100,1605
100,1596
100,1588
99,1579
100,1571
100,1563
100,1554
101,1546
102,1537
103,1529
105,1521
106,1513
108,1505
110,1497
112,1489
114,1481
117,1474
120,1466
122,1459
125,1451
129,1444
132,1436
136,1429
139,1422
143,1415
147,1408
151,1402
156,1395
160,1388
165,1382
175,1370
185,1358
196,1346
208,1335
220,1325
232,1315
238,1310
245,1306
252,1301
258,1297
265,1293
272,1289
279,1286
286,1282
294,1279
301,1275
308,1272
316,1270
324,1267
331,1264
339,1262
347,1260
355,1258
363,1256
371,1255
379,1253
387,1252
396,1251
404,1250
412,1250
421,1250
429,1249
438,1250
446,1250
455,1250
463,1251
472,1252
480,1253
488,1255
496,1256
504,1258
512,1260
520,1262
528,1264
535,1267
543,1270
551,1272
558,1275
565,1279
573,1282
580,1286
587,1289
594,1293
601,1297
607,1301
614,1306
621,1310
627,1315
639,1325
651,1335
663,1346
674,1358
684,1370
694,1382
699,1388
703,1395
708,1402
712,1408
716,1415
720,1422
723,1429
727,1436
730,1444
734,1451
737,1458
739,1466
742,1474
745,1481
747,1489
749,1497
751,1505
753,1513
754,1521
756,1529
757,1537
758,1546
759,1554
759,1562
759,1571
759,1579
760,1580
759,1588
759,1596
759,1605
758,1613
757,1622
756,1630
754,1638
753,1646
751,1654
749,1662
747,1670
745,1678
742,1685
739,1693
737,1701
734,1708
730,1715
727,1723
723,1730
720,1737
716,1744
712,1751
708,1757
703,1764
699,1771
694,1777
684,1789
674,1801
663,1813
651,1824
639,1834
627,1844
621,1849
614,1853
607,1858
601,1862
594,1866
587,1870
580,1873
573,1877
565,1880
558,1884
550,1887
543,1889
535,1892
528,1895
520,1897
512,1899
504,1901
496,1903
488,1904
480,1906
471,1907
463,1908
455,1909
446,1909
438,1909
1:174:False
924,2022
919,2005
915,1987
911,1969
904,1933
898,1895
893,1857
889,1818
881,1740
876,1700
871,1661
865,1622
858,1584
854,1565
849,1546
844,1528
838,1510
832,1492
825,1474
818,1457
810,1440
808,1431
806,1423
805,1415
803,1407
801,1399
799,1392
797,1385
794,1377
790,1363
785,1350
779,1337
773,1325
768,1313
761,1301
755,1290
749,1280
742,1269
736,1260
730,1250
723,1241
717,1232
711,1223
705,1214
699,1206
694,1198
688,1190
683,1182
679,1174
675,1166
671,1158
668,1150
665,1142
663,1134
662,1130
661,1126
660,1122
660,1118
660,1114
660,1110
657,1101
654,1094
650,1086
647,1080
643,1073
639,1067
635,1062
630,1057
626,1052
621,1047
616,1043
610,1038
604,1034
598,1031
591,1027
585,1023
577,1020
570,1016
562,1013
553,1010
545,1006
536,1003
526,999
516,996
506,992
495,988
483,984
472,979
459,975
447,970
433,965
420,960
415,957
411,954
406,951
401,949
396,946
391,944
385,942
380,939
368,935
356,930
343,926
330,921
317,916
304,912
291,907
277,902
264,896
250,890
237,884
225,877
212,870
206,866
200,862
194,858
188,853
183,849
178,844
172,839
167,834
162,829
158,823
153,818
149,812
145,806
141,799
138,793
134,786
131,779
128,771
126,764
124,756
122,747
120,739
119,730
118,721
117,712
117,702
117,692
117,681
118,671
120,660
109,705
98,749
89,794
80,839
72,884
64,929
57,974
51,1019
45,1063
40,1108
36,1152
32,1196
29,1240
26,1284
24,1328
22,1372
21,1416
20,1459
20,1502
20,1545
21,1588
23,1630
24,1672
27,1714
29,1756
32,1797
36,1838
40,1879
49,1960
60,2040
930,2040
Far Earth/Moon Orbit
3
0:136:True
1339,899
1327,899
1315,899
1303,898
1291,896
1280,895
1268,893
1257,890
1246,888
1235,885
1225,881
1215,878
1205,874
1196,870
1187,865
1178,861
1170,856
1162,850
1154,845
1147,839
1141,833
1134,827
1128,821
1123,815
1118,808
1114,801
1110,794
1107,787
1104,780
1102,772
1101,765
1100,761
1100,757
1100,753
1100,750
1100,746
1100,742
1100,738
1101,734
1102,727
1104,719
1107,712
1110,705
1114,698
1118,691
1123,685
1128,678
1134,672
1141,666
1147,660
1154,654
1162,649
1170,643
1178,638
1187,634
1196,629
1205,625
1215,621
1225,618
1235,614
1246,611
1257,609
1268,606
1279,604
1291,603
1303,601
1315,600
1327,600
1339,599
1352,600
1364,600
1376,601
1388,603
1399,604
1411,606
1422,609
1433,611
1444,614
1454,618
1464,621
1474,625
1483,629
1492,634
1501,639
1509,643
1517,649
1525,654
1532,660
1539,666
1545,672
1551,678
1556,685
1561,691
1565,698
1569,705
1572,712
1575,719
1577,727
1578,734
1579,738
1579,742
1579,746
1580,750
1579,753
1579,757
1579,761
1578,765
1577,772
1575,780
1572,787
1569,794
1565,801
1561,808
1556,815
1551,821
1545,827
1539,833
1532,839
1525,845
1517,850
1509,856
1501,861
1492,865
1483,870
1474,874
1464,878
1454,881
1444,885
1433,888
1422,890
1411,893
1399,895
1388,896
1376,898
1364,899
1352,899
1:128:False
545,850
534,849
525,849
515,848
505,846
496,845
487,843
477,840
469,838
460,835
452,831
443,828
435,824
428,820
420,815
413,811
407,806
400,800
394,795
388,789
383,783
378,777
373,771
369,765
365,758
361,751
358,744
356,737
353,730
352,722
351,715
350,707
350,700
350,692
351,684
352,677
353,669
356,662
358,655
361,648
365,641
369,634
373,628
378,622
383,616
388,610
394,604
400,599
407,593
413,588
420,584
428,579
435,575
443,571
452,568
460,564
469,561
477,559
487,556
496,554
505,553
515,551
525,550
534,550
545,550
555,550
564,550
574,551
584,553
593,554
603,556
612,559
620,561
629,564
637,568
646,571
654,575
661,579
669,584
676,588
682,593
689,599
695,604
701,610
706,616
711,622
716,628
720,634
724,641
728,648
731,655
733,662
736,669
737,677
739,684
739,692
740,700
739,707
739,715
737,722
736,730
733,737
731,744
728,751
724,758
720,765
716,771
711,777
706,783
701,789
695,795
689,800
682,806
676,811
669,815
661,820
654,824
646,828
637,831
629,835
620,838
612,840
603,843
593,845
584,846
574,848
564,849
555,849
2:254:True
660,1103
660,1096
660,1089
661,1082
662,1075
663,1069
664,1063
665,1056
666,1050
668,1044
671,1032
675,1021
680,1010
685,999
691,989
697,980
704,971
711,962
718,955
726,947
730,944
735,941
739,938
743,935
748,932
752,929
757,927
761,925
766,923
771,921
776,919
781,917
786,916
791,914
796,913
801,912
806,912
811,911
817,911
822,911
827,911
833,911
838,911
844,912
849,913
855,914
860,915
866,917
871,918
877,920
883,922
888,924
894,927
900,930
928,938
958,946
990,954
1022,962
1055,969
1090,976
1125,982
1160,989
1196,994
1233,1000
1270,1004
1307,1009
1344,1012
1381,1015
1418,1018
1455,1020
1491,1021
1527,1021
1562,1020
1597,1019
1631,1017
1664,1014
1696,1010
1726,1005
1756,1000
1784,993
1811,985
1824,981
1836,976
1848,971
1860,966
1871,961
1882,955
1892,949
1902,943
1911,936
1920,930
1920,360
1908,368
1896,376
1883,383
1870,390
1856,397
1841,404
1826,410
1811,416
1795,421
1778,427
1761,432
1744,436
1726,440
1707,444
1689,448
1669,451
1649,454
1629,456
1588,461
1545,464
1501,466
1455,466
1409,465
1361,464
1312,461
1262,457
1212,451
1161,445
1109,438
1057,429
1004,420
952,409
899,397
845,385
792,371
739,357
687,341
634,325
582,307
530,289
480,270
471,266
463,262
455,260
446,258
438,256
430,255
423,255
415,256
407,256
400,258
392,259
385,262
377,265
370,268
363,272
356,276
349,280
342,285
328,296
315,308
302,322
290,336
278,352
266,369
255,386
243,404
233,422
212,460
193,498
176,535
168,554
160,571
152,588
145,605
138,620
131,634
125,648
120,660
118,671
117,681
117,692
117,702
117,712
118,721
119,730
120,739
122,747
124,756
126,764
128,771
131,779
134,786
138,793
141,799
145,806
149,812
153,818
158,823
162,829
167,834
172,839
178,844
183,849
188,853
194,858
200,862
206,866
212,870
225,877
237,884
250,890
264,896
277,902
291,907
304,912
317,916
330,921
343,926
356,930
368,935
380,939
385,942
391,944
396,946
401,949
406,951
411,954
415,957
420,960
433,965
447,970
459,975
472,979
483,984
495,988
506,992
516,996
526,999
536,1003
545,1006
553,1010
562,1013
570,1016
577,1020
585,1023
591,1027
598,1031
604,1034
610,1038
616,1043
621,1047
626,1052
630,1057
635,1062
639,1067
643,1073
647,1080
650,1086
654,1094
657,1101
660,1110
Near Mercury Orbit
4
0:128:True
1280,1110
1270,1109
1261,1109
1252,1107
1243,1106
1235,1104
1226,1101
1218,1099
1209,1095
1201,1092
1194,1088
1186,1083
1179,1079
1172,1074
1165,1068
1158,1063
1152,1057
1146,1051
1141,1044
1135,1037
1130,1030
1126,1023
1121,1015
1117,1008
1114,1000
1110,991
1108,983
1105,974
1103,966
1102,957
1100,948
1100,939
1100,930
1100,920
1100,911
1102,902
1103,893
1105,885
1108,876
1110,868
1114,859
1117,851
1121,844
1126,836
1130,829
1135,822
1141,815
1146,808
1152,802
1158,796
1165,791
1172,785
1179,780
1186,776
1194,771
1201,767
1209,764
1218,760
1226,758
1235,755
1243,753
1252,752
1261,750
1270,750
1280,750
1289,750
1298,750
1307,752
1316,753
1325,755
1333,758
1341,760
1350,764
1358,767
1365,771
1373,776
1380,780
1387,785
1394,791
1401,796
1407,802
1413,808
1418,815
1424,822
1429,829
1433,836
1438,844
1442,851
1445,859
1449,868
1451,876
1454,885
1456,893
1457,902
1459,911
1459,920
1460,930
1459,939
1459,948
1457,957
1456,966
1454,975
1451,983
1449,991
1445,1000
1442,1008
1438,1015
1433,1023
1429,1030
1424,1037
1418,1044
1413,1051
1407,1057
1401,1063
1394,1068
1387,1074
1380,1079
1373,1083
1365,1088
1358,1092
1350,1095
1341,1099
1333,1101
1324,1104
1316,1106
1307,1107
1298,1109
1289,1109
1:148:False
1254,559
1241,559
1228,559
1216,558
1203,557
1191,556
1179,555
1167,553
1155,551
1144,549
1133,547
1122,544
1112,542
1102,539
1092,536
1083,532
1074,529
1066,525
1058,521
1050,517
1043,513
1036,509
1030,505
1025,500
1020,495
1015,491
1011,486
1008,481
1006,478
1005,476
1003,473
1002,471
1002,468
1001,465
1000,463
1000,460
1000,457
1000,455
1000,452
1000,449
1000,446
1001,444
1002,441
1002,439
1003,436
1005,433
1006,431
1008,428
1011,423
1015,418
1020,414
1025,409
1030,404
1036,400
1043,396
1050,392
1058,388
1066,384
1074,380
1083,377
1092,374
1102,370
1112,367
1122,365
1133,362
1144,360
1155,358
1167,356
1179,354
1191,353
1203,352
1216,351
1228,350
1241,350
1254,350
1268,350
1281,350
1293,351
1306,352
1318,353
1330,354
1342,356
1354,358
1365,360
1376,362
1387,365
1397,367
1407,370
1417,374
1426,377
1435,380
1443,384
1451,388
1459,392
1466,396
1473,400
1479,404
1484,409
1489,414
1494,418
1498,423
1501,428
1503,431
1504,433
1506,436
1507,439
1507,441
1508,444
1509,446
1509,449
1509,452
1510,455
1509,457
1509,460
1509,463
1508,465
1507,468
1507,471
1506,473
1504,476
1503,478
1501,481
1498,486
1494,491
1489,495
1484,500
1479,505
1473,509
1466,513
1459,517
1451,521
1443,525
1435,529
1426,532
1417,536
1407,539
1397,542
1387,544
1376,547
1365,549
1354,551
1342,553
1330,555
1318,556
1306,557
1293,558
1280,559
1268,559
2:128:True
520,1140
498,1139
477,1137
456,1135
435,1131
415,1126
395,1121
375,1114
356,1107
337,1098
319,1089
302,1079
285,1068
268,1056
252,1044
237,1030
223,1017
209,1002
195,987
183,971
171,954
160,937
150,920
141,902
133,883
125,864
118,844
113,824
108,804
104,783
102,762
100,741
100,720
100,698
102,677
104,656
108,635
113,615
118,595
125,575
133,556
141,537
150,519
160,502
171,485
183,468
195,452
209,437
223,423
237,409
252,395
268,383
285,371
302,360
319,350
337,341
356,333
375,325
395,318
415,313
435,308
456,304
477,302
498,300
520,300
541,300
562,302
583,304
604,308
624,313
644,318
664,325
683,333
702,341
720,350
737,360
754,371
771,383
787,395
802,409
817,423
830,437
844,452
856,468
868,485
879,502
889,519
898,537
907,556
914,575
921,595
926,615
931,635
935,656
937,677
939,698
940,720
939,741
937,762
935,783
931,804
926,824
921,844
914,864
907,883
898,902
889,920
879,937
868,954
856,971
844,987
830,1002
817,1017
802,1030
787,1044
771,1056
754,1068
737,1079
720,1089
702,1098
683,1107
664,1114
644,1121
624,1126
604,1131
583,1135
562,1137
541,1139
3:237:False
1331,1439
1342,1439
1352,1438
1363,1437
1373,1435
1384,1433
1394,1430
1403,1427
1413,1424
1422,1420
1431,1416
1440,1411
1449,1406
1457,1400
1465,1394
1473,1387
1481,1380
1488,1372
1495,1363
1502,1355
1509,1345
1515,1335
1518,1330
1521,1324
1523,1319
1526,1313
1529,1307
1532,1301
1534,1295
1537,1289
1539,1282
1541,1275
1543,1268
1546,1262
1548,1254
1550,1247
1551,1240
1553,1232
1555,1224
1557,1216
1558,1208
1560,1200
1554,1171
1550,1141
1546,1111
1542,1079
1540,1047
1538,1015
1536,981
1535,947
1535,913
1535,878
1535,843
1536,808
1538,773
1540,738
1545,667
1551,597
1554,563
1558,529
1563,495
1567,462
1572,430
1576,398
1581,367
1587,337
1592,308
1597,280
1603,253
1608,227
1614,203
1620,180
1621,173
1622,166
1623,159
1624,152
1624,145
1625,139
1625,133
1625,126
1625,120
1625,114
1625,108
1624,102
1624,96
1623,91
1621,80
1618,69
1615,59
1612,50
1607,41
1603,32
1598,25
1592,17
1589,14
1586,11
1583,8
1579,5
1576,2
1572,0
1569,-2
1565,-4
1561,-7
1557,-8
1553,-10
1549,-12
1545,-13
1540,-15
1536,-16
1532,-17
1527,-17
1522,-18
1518,-18
1513,-18
1508,-18
1503,-18
1498,-18
1493,-17
1488,-16
1483,-15
1478,-14
1472,-13
1467,-11
1462,-9
1456,-7
1451,-5
1445,-2
1440,0
1401,21
1363,42
1326,61
1289,78
1253,95
1218,110
1182,124
1147,136
1112,147
1077,157
1041,166
1005,173
968,179
931,184
893,188
855,191
815,192
773,193
731,192
687,190
665,189
642,187
618,186
595,183
570,181
546,178
520,176
495,172
468,169
441,165
414,162
386,157
357,153
328,148
299,144
268,139
237,133
205,128
173,122
140,116
106,110
71,103
36,96
0,90
0,930
13,953
27,976
40,998
53,1019
65,1040
77,1060
89,1079
101,1098
112,1116
123,1133
134,1150
145,1166
156,1181
167,1196
178,1211
189,1224
200,1238
211,1250
222,1262
233,1274
245,1285
256,1295
268,1305
280,1315
292,1324
305,1333
318,1341
332,1349
345,1356
360,1363
374,1370
390,1376
405,1382
422,1387
438,1392
456,1397
474,1401
493,1405
512,1409
533,1413
554,1416
576,1419
598,1421
622,1424
646,1426
672,1428
698,1430
725,1432
753,1433
783,1434
813,1435
845,1436
877,1437
911,1438
946,1438
982,1439
1020,1439
1058,1439
1098,1439
1140,1439
1183,1439
1227,1439
1272,1440
1320,1440
Far Mars Orbit
2
0:209:True
399,899
392,899
384,899
376,899
369,898
361,897
354,896
346,895
339,893
332,892
325,890
317,888
310,886
303,884
296,881
290,879
283,876
276,873
269,870
263,867
257,863
244,856
232,848
220,840
209,831
198,822
187,812
177,801
168,790
159,779
151,767
143,755
136,742
132,736
129,730
126,723
123,716
120,709
118,703
115,696
113,689
111,682
109,674
107,667
106,660
104,653
103,645
102,638
101,630
100,623
100,615
100,607
99,599
100,592
100,584
100,576
101,569
102,561
103,554
104,546
106,539
107,532
109,525
111,517
113,510
115,503
118,496
120,490
123,483
126,476
129,469
132,463
136,457
143,444
151,432
159,420
168,409
177,398
187,387
198,377
209,368
220,359
232,351
244,343
256,336
263,332
269,329
276,326
283,323
289,320
296,318
303,315
310,313
317,311
324,309
332,307
339,306
346,304
354,303
361,302
369,301
376,300
384,300
392,300
399,299
407,300
415,300
423,300
430,301
438,302
445,303
453,304
460,306
467,307
474,309
482,311
489,313
496,315
503,318
510,320
516,323
523,326
530,329
536,332
543,336
555,343
567,351
579,359
590,368
601,377
612,387
622,398
631,409
640,420
648,432
656,444
663,456
667,463
670,469
673,476
676,483
679,489
681,496
684,503
686,510
688,517
690,524
692,532
693,539
695,546
696,554
697,561
698,569
699,576
699,584
699,592
699,599
700,600
699,607
699,615
699,623
698,630
697,638
696,645
695,653
693,660
692,667
690,674
688,682
686,689
684,696
681,703
679,710
676,716
673,723
670,730
667,736
663,743
656,755
648,767
640,779
631,790
622,801
612,812
601,822
590,831
579,840
567,848
555,856
542,863
536,867
530,870
523,873
516,876
509,879
503,881
496,884
489,886
482,888
474,890
467,892
460,893
453,895
445,896
438,897
430,898
423,899
415,899
407,899
1:177:False
491,1109
503,1108
516,1105
529,1102
543,1097
557,1092
572,1086
587,1080
603,1072
619,1064
636,1055
652,1045
670,1035
687,1024
705,1012
723,1000
742,988
760,974
779,961
798,947
818,932
837,917
876,886
916,854
955,821
995,788
1035,753
1074,719
1112,684
1150,650
1187,616
1223,583
1227,580
1226,579
1221,570
1216,562
1214,557
1212,553
1210,548
1208,543
1206,539
1205,534
1204,529
1203,524
1202,519
1201,514
1200,510
1200,505
1200,500
1200,495
1200,489
1200,484
1200,480
1201,475
1202,470
1203,465
1204,460
1205,455
1206,450
1208,446
1210,441
1212,437
1214,432
1216,427
1221,419
1226,410
1232,402
1239,393
1246,385
1253,378
1261,370
1270,363
1279,357
1288,350
1298,344
1308,338
1319,333
1329,328
1341,323
1352,319
1364,315
1377,311
1389,308
1402,306
1415,303
1428,302
1442,300
1456,300
1469,299
1483,300
1497,301
1511,302
1511,302
1514,297
1516,290
1519,284
1522,279
1525,273
1528,268
1530,262
1533,257
1536,252
1539,247
1545,238
1550,229
1556,221
1561,214
1567,207
1573,200
1578,194
1584,188
1590,183
1595,179
1601,174
1606,170
1612,167
1618,164
1623,161
1629,159
1635,157
1640,155
1646,153
1651,152
1657,151
1663,150
1668,150
1674,150
1680,150
-180,150
-179,172
-179,196
-179,220
-179,245
-178,270
-176,296
-174,322
-172,348
-169,375
-165,402
-160,430
-154,457
-147,485
-139,513
-130,541
-120,570
-108,595
-95,620
-81,645
-67,670
-51,695
-35,720
-18,744
0,768
17,791
36,814
55,837
75,859
95,880
115,901
136,921
157,941
178,959
199,977
221,994
242,1010
264,1025
285,1039
306,1051
327,1063
347,1074
368,1083
387,1091
407,1097
426,1103
444,1106
462,1109
480,1110
Far Venus Orbit
1
0:200:True
840,60
873,54
905,49
936,44
966,40
995,36
1023,32
1051,29
1077,26
1102,23
1126,21
1149,19
1172,17
1193,16
1214,15
1233,15
1252,15
1270,15
1287,15
1303,16
1318,17
1333,19
1346,21
1359,23
1371,26
1382,29
1393,32
1402,36
1411,40
1419,44
1427,49
1434,54
1440,60
1456,68
1471,78
1485,88
1498,99
1509,111
1520,123
1530,137
1538,151
1546,166
1553,182
1559,199
1564,216
1569,235
1573,254
1576,274
1578,296
1580,318
1581,341
1582,366
1582,391
1582,417
1581,445
1580,473
1579,502
1577,533
1575,565
1573,598
1570,632
1568,667
1565,703
1562,741
1560,780
1554,802
1549,823
1544,844
1540,864
1536,884
1532,903
1529,922
1526,941
1521,977
1517,1012
1515,1046
1515,1080
1515,1113
1517,1147
1521,1182
1526,1218
1529,1237
1532,1256
1536,1275
1540,1295
1544,1315
1549,1336
1554,1357
1560,1380
1543,1380
1527,1380
1512,1380
1497,1380
1483,1380
1469,1380
1456,1380
1443,1380
1418,1380
1393,1380
1370,1380
1346,1380
1322,1380
1297,1380
1271,1380
1257,1380
1243,1380
1229,1380
1214,1380
1198,1380
1182,1380
1165,1380
1147,1380
1129,1380
1110,1380
1118,1357
1126,1336
1133,1315
1141,1295
1148,1275
1155,1256
1162,1237
1168,1218
1181,1182
1193,1147
1206,1113
1218,1080
1231,1046
1245,1012
1259,977
1274,941
1282,922
1291,903
1299,884
1308,864
1318,844
1328,823
1339,802
1350,780
1351,766
1352,752
1354,739
1355,727
1356,714
1357,703
1359,680
1361,659
1363,640
1365,621
1366,604
1368,588
1369,573
1370,559
1371,546
1371,534
1372,523
1372,512
1372,502
1372,492
1372,483
1371,466
1369,450
1366,434
1363,417
1359,400
1357,390
1355,381
1352,370
1350,360
1349,343
1348,326
1346,311
1342,295
1338,280
1333,265
1327,251
1320,237
1313,223
1304,210
1294,198
1283,185
1271,174
1258,163
1244,152
1230,142
1214,132
1196,123
1178,115
1159,107
1139,100
1117,93
1095,87
1071,81
1046,76
1020,72
993,68
965,65
935,63
905,61
873,60
840,60
Far Mercury Orbit
1
0:174:True
0,1950
27,1943
55,1936
82,1929
109,1922
135,1915
161,1909
211,1896
260,1884
307,1872
353,1860
398,1849
441,1838
483,1827
524,1817
564,1808
602,1798
640,1790
676,1781
712,1773
747,1766
781,1759
814,1752
846,1746
878,1740
909,1735
940,1730
970,1726
999,1722
1029,1719
1058,1716
1086,1714
1115,1712
1143,1711
1171,1710
1200,1710
1227,1709
1254,1707
1279,1704
1304,1700
1327,1695
1349,1688
1371,1681
1391,1672
1410,1662
1428,1652
1445,1640
1461,1627
1476,1614
1490,1599
1503,1583
1515,1567
1525,1550
1535,1532
1544,1513
1551,1493
1558,1472
1563,1451
1567,1429
1571,1406
1573,1382
1574,1358
1574,1333
1574,1308
1572,1281
1569,1255
1565,1227
1560,1200
1558,1208
1557,1216
1555,1224
1553,1232
1551,1240
1550,1247
1548,1254
1546,1262
1543,1268
1541,1275
1539,1282
1537,1289
1534,1295
1532,1301
1529,1307
1526,1313
1523,1319
1521,1324
1518,1330
1515,1335
1509,1345
1502,1355
1495,1363
1488,1372
1481,1380
1473,1387
1465,1394
1457,1400
1449,1406
1440,1411
1431,1416
1422,1420
1413,1424
1403,1427
1394,1430
1384,1433
1373,1435
1363,1437
1352,1438
1342,1439
1331,1439
1320,1440
1272,1440
1227,1439
1183,1439
1140,1439
1098,1439
1058,1439
1020,1439
982,1439
946,1438
911,1438
877,1437
845,1436
813,1435
783,1434
753,1433
725,1432
698,1430
672,1428
646,1426
622,1424
598,1421
576,1419
554,1416
533,1413
512,1409
493,1405
474,1401
456,1397
438,1392
422,1387
405,1382
390,1376
374,1370
360,1363
345,1356
332,1349
318,1341
305,1333
292,1324
280,1315
268,1305
256,1295
245,1285
233,1274
222,1262
211,1250
200,1238
189,1224
178,1211
167,1196
156,1181
145,1166
134,1150
123,1133
112,1116
101,1098
89,1079
77,1060
65,1040
53,1019
40,998
27,976
13,953
0,930
Near Mars Orbit
1
0:419:False
1501,1786
1545,1784
1588,1781
1629,1776
1649,1774
1669,1771
1689,1768
1707,1764
1726,1760
1744,1756
1761,1752
1778,1747
1795,1741
1811,1736
1826,1730
1841,1724
1856,1717
1870,1710
1883,1703
1896,1696
1908,1688
1920,1680
1920,150
1680,150
1674,150
1668,150
1663,150
1657,151
1651,152
1646,153
1640,155
1635,157
1629,159
1623,161
1618,164
1612,167
1606,170
1601,174
1595,179
1590,183
1584,188
1578,194
1573,200
1567,207
1561,214
1556,221
1550,229
1545,238
1539,247
1536,252
1533,257
1530,262
1528,268
1525,273
1522,279
1519,284
1516,290
1514,297
1511,302
1524,303
1537,306
1550,308
1562,311
1575,315
1587,319
1598,323
1610,328
1620,333
1631,338
1641,344
1651,350
1660,357
1669,363
1678,370
1686,378
1693,385
1700,393
1707,402
1713,410
1718,419
1723,427
1725,432
1727,437
1729,441
1731,446
1733,450
1734,455
1735,460
1736,465
1737,470
1738,475
1739,480
1739,484
1739,489
1740,495
1739,500
1739,505
1739,510
1738,514
1737,519
1736,524
1735,529
1734,534
1733,539
1731,543
1729,548
1727,553
1725,557
1723,562
1718,570
1713,579
1707,587
1700,596
1693,604
1686,611
1678,619
1676,620
1678,627
1680,637
1682,647
1684,658
1686,668
1687,679
1688,690
1689,702
1689,713
1690,725
1689,736
1689,748
1688,759
1687,770
1686,781
1684,791
1682,802
1680,812
1678,822
1675,832
1672,841
1669,850
1666,859
1662,868
1658,876
1654,884
1650,891
1646,898
1641,905
1637,911
1632,917
1627,922
1622,927
1616,932
1613,934
1623,948
1634,966
1645,985
1655,1004
1664,1024
1672,1045
1679,1066
1685,1087
1690,1109
1694,1131
1697,1154
1699,1176
1700,1200
1699,1223
1697,1246
1694,1268
1690,1290
1685,1312
1679,1333
1672,1354
1664,1375
1655,1395
1645,1414
1634,1433
1623,1451
1610,1469
1597,1486
1583,1502
1568,1518
1552,1533
1536,1547
1519,1560
1501,1573
1483,1584
1464,1595
1445,1605
1425,1614
1404,1622
1383,1629
1362,1635
1340,1640
1318,1644
1296,1647
1273,1649
1250,1650
1226,1649
1204,1647
1181,1644
1159,1640
1137,1635
1116,1629
1095,1622
1074,1614
1054,1605
1035,1595
1016,1584
998,1573
980,1560
963,1547
947,1533
931,1518
916,1502
902,1486
889,1469
876,1451
865,1433
854,1414
844,1395
835,1375
827,1354
820,1333
814,1312
809,1290
805,1268
802,1246
800,1223
800,1200
800,1176
802,1154
805,1131
809,1109
814,1087
820,1066
827,1045
835,1024
844,1004
854,985
865,966
876,948
889,930
902,913
916,897
931,881
947,866
963,852
980,839
998,826
1016,815
1035,804
1054,794
1074,785
1095,777
1116,770
1137,764
1159,759
1181,755
1204,752
1226,750
1250,750
1273,750
1296,752
1318,755
1340,759
1362,764
1383,770
1404,777
1425,785
1445,794
1456,800
1455,791
1453,781
1452,770
1451,759
1450,748
1450,736
1450,725
1450,713
1450,702
1451,690
1451,689
1442,689
1428,687
1415,686
1402,683
1389,681
1377,678
1364,674
1352,670
1341,666
1330,661
1319,656
1308,651
1298,645
1288,639
1279,632
1270,626
1261,619
1253,611
1246,604
1239,596
1232,587
1227,580
1223,583
1187,616
1150,650
1112,684
1074,719
1035,753
995,788
955,821
916,854
876,886
837,917
818,932
798,947
779,961
760,974
742,988
723,1000
705,1012
687,1024
670,1035
652,1045
636,1055
619,1064
603,1072
587,1080
572,1086
557,1092
543,1097
529,1102
516,1105
503,1108
491,1109
480,1110
462,1109
444,1106
426,1103
407,1097
387,1091
368,1083
347,1074
327,1063
306,1051
285,1039
264,1025
242,1010
221,994
199,977
178,959
157,941
136,921
115,901
95,880
75,859
55,837
36,814
17,791
0,768
-18,744
-35,720
-51,695
-67,670
-81,645
-95,620
-108,595
-120,570
-108,601
-96,633
-83,666
-69,699
-55,734
-40,768
-25,803
-9,839
7,874
24,910
41,946
59,982
77,1018
96,1054
135,1125
154,1159
175,1194
195,1228
216,1262
237,1294
258,1326
280,1358
301,1388
323,1417
345,1446
367,1473
390,1499
412,1524
435,1547
457,1569
480,1590
530,1609
582,1627
634,1645
687,1661
739,1677
792,1691
845,1705
899,1717
952,1729
1004,1740
1057,1749
1109,1758
1161,1765
1212,1771
1262,1777
1312,1781
1361,1784
1409,1785
1455,1786
Near Earth Orbit
2
0:128:True
1380,2010
1355,2009
1330,2007
1306,2004
1283,2000
1260,1994
1237,1988
1214,1980
1193,1972
1171,1962
1151,1952
1131,1940
1111,1928
1092,1914
1074,1900
1057,1885
1040,1869
1024,1852
1009,1835
995,1817
981,1798
969,1778
957,1758
947,1738
937,1716
929,1695
921,1672
915,1649
909,1626
905,1603
902,1579
900,1554
900,1530
900,1505
902,1480
905,1456
909,1433
915,1410
921,1387
929,1364
937,1343
947,1321
957,1301
969,1281
981,1261
995,1242
1009,1224
1024,1207
1040,1190
1057,1174
1074,1159
1092,1145
1111,1131
1131,1119
1151,1107
1171,1097
1193,1087
1214,1079
1237,1071
1260,1065
1283,1059
1306,1055
1330,1052
1355,1050
1380,1050
1404,1050
1429,1052
1453,1055
1476,1059
1499,1065
1522,1071
1545,1079
1566,1087
1588,1097
1608,1107
1628,1119
1648,1131
1667,1145
1685,1159
1702,1174
1719,1190
1735,1207
1750,1224
1764,1242
1778,1261
1790,1281
1802,1301
1812,1321
1822,1343
1830,1364
1838,1387
1844,1410
1850,1433
1854,1456
1857,1480
1859,1505
1860,1530
1859,1554
1857,1579
1854,1603
1850,1626
1844,1649
1838,1672
1830,1695
1822,1716
1812,1738
1802,1758
1790,1778
1778,1798
1764,1817
1750,1835
1735,1852
1719,1869
1702,1885
1685,1900
1667,1914
1648,1928
1628,1940
1608,1952
1588,1962
1566,1972
1545,1980
1522,1988
1499,1994
1476,2000
1453,2004
1429,2007
1404,2009
1:202:False
1920,2028
1920,2015
1920,2002
1920,1988
1920,1974
1920,1959
1920,1943
1920,1927
1920,1910
1920,1892
1920,1874
1920,1856
1920,1837
1920,1817
1920,1777
1920,1736
1920,1694
1920,1651
1920,1607
1920,1562
1920,1517
1920,1473
1920,1428
1920,1384
1920,1341
1920,1298
1920,1257
1920,1217
1920,1198
1920,1178
1920,1160
1920,1142
1920,1124
1920,1107
1920,1091
1920,1075
1920,1059
1920,1045
1920,1031
1920,1018
1920,1005
1920,993
1920,982
1920,972
1920,963
1920,954
1920,947
1920,940
1920,934
1920,930
1911,936
1902,943
1892,949
1882,955
1871,961
1860,966
1848,971
1836,976
1824,981
1811,985
1784,993
1756,1000
1726,1005
1696,1010
1664,1014
1631,1017
1597,1019
1562,1020
1527,1021
1491,1021
1455,1020
1418,1018
1381,1015
1344,1012
1307,1009
1270,1004
1233,1000
1196,994
1160,989
1125,982
1090,976
1055,969
1022,962
990,954
958,946
928,938
900,930
894,927
888,924
883,922
877,920
871,918
866,917
860,915
855,914
849,913
844,912
838,911
833,911
827,911
822,911
817,911
811,911
806,912
801,912
796,913
791,914
786,916
781,917
776,919
771,921
766,923
761,925
757,927
752,929
748,932
743,935
739,938
735,941
730,944
726,947
718,955
711,962
704,971
697,980
691,989
685,999
680,1010
675,1021
671,1032
668,1044
666,1050
665,1056
664,1063
663,1069
662,1075
661,1082
660,1089
660,1096
660,1103
660,1110
660,1114
660,1118
660,1122
661,1126
662,1130
663,1134
665,1142
668,1150
671,1158
675,1166
679,1174
683,1182
688,1190
694,1198
699,1206
705,1214
711,1223
717,1232
723,1241
730,1250
736,1260
742,1269
749,1280
755,1290
761,1301
768,1313
773,1325
779,1337
785,1350
790,1363
794,1377
797,1385
799,1392
801,1399
803,1407
805,1415
806,1423
808,1431
810,1440
818,1457
825,1474
832,1492
838,1510
844,1528
849,1546
854,1565
858,1584
865,1622
871,1661
876,1700
881,1740
889,1818
893,1857
898,1895
904,1933
911,1969
915,1987
919,2005
924,2022
930,2040
1920,2040
Near Venus Orbit
2
0:128:True
580,1260
555,1259
530,1257
506,1254
483,1250
460,1244
437,1238
414,1230
393,1222
371,1212
351,1202
331,1190
311,1178
292,1164
274,1150
257,1135
240,1119
224,1102
209,1085
195,1067
181,1048
169,1028
157,1008
147,988
137,966
129,945
121,922
115,899
109,876
105,853
102,829
100,804
100,780
100,755
102,730
105,706
109,683
115,660
121,637
129,614
137,593
147,571
157,551
169,531
181,511
195,492
209,474
224,457
240,440
257,424
274,409
292,395
311,381
331,369
351,357
371,347
393,337
414,329
437,321
460,315
483,309
506,305
530,302
555,300
580,300
604,300
629,302
653,305
676,309
699,315
722,321
745,329
766,337
788,347
808,357
828,369
848,381
867,395
885,409
902,424
919,440
935,457
950,474
964,492
978,511
990,531
1002,551
1012,571
1022,593
1030,614
1038,637
1044,660
1050,683
1054,706
1057,730
1059,755
1060,780
1059,804
1057,829
1054,853
1050,876
1044,899
1038,922
1030,945
1022,966
1012,988
1002,1008
990,1028
978,1048
964,1067
950,1085
935,1102
919,1119
902,1135
885,1150
867,1164
848,1178
828,1190
808,1202
788,1212
766,1222
745,1230
722,1238
699,1244
676,1250
653,1254
629,1257
604,1259
1:103:False
1118,1357
1126,1336
1133,1315
1141,1295
1148,1275
1155,1256
1162,1237
1168,1218
1181,1182
1193,1147
1206,1113
1218,1080
1231,1046
1245,1012
1259,977
1274,941
1282,922
1291,903
1299,884
1308,864
1318,844
1328,823
1339,802
1350,780
1351,766
1352,752
1354,739
1355,727
1356,714
1357,703
1359,680
1361,659
1363,640
1365,621
1366,604
1368,588
1369,573
1370,559
1371,546
1371,534
1372,523
1372,512
1372,502
1372,492
1372,483
1371,466
1369,450
1366,434
1363,417
1359,400
1357,390
1355,381
1352,370
1350,360
1349,343
1348,326
1346,311
1342,295
1338,280
1333,265
1327,251
1320,237
1313,223
1304,210
1294,198
1283,185
1271,174
1258,163
1244,152
1230,142
1214,132
1196,123
1178,115
1159,107
1139,100
1117,93
1095,87
1071,81
1046,76
1020,72
993,68
965,65
935,63
905,61
873,60
840,60
787,72
735,85
684,98
634,110
533,135
432,160
381,173
329,186
277,199
224,212
170,226
114,240
58,255
29,262
0,270
0,1380
1110,1380
