60
Bach
-2380,-520
-2491,-311
-2459,-506
-2229,-377
-2313,-408
-2524,-441
The Warrens
-2220,-580
-2155,-467
-2152,-647
-2161,-780
-2326,-638
-2101,-675
Tolstoi
-1921,-233
-2015,-334
-1925,-375
-1927,-604
-1978,-620
-1856,-485
Sobkou Plains
-2104,-102
-2367,-95
-2025,-150
-2218,-57
-2303,-66
-2133,-244
Aerostates
-2335,1092
-2282,1093
-2425,1209
-2492,1189
-2260,1225
-2392,1090
Mt. Maxwell
-2179,1008
-1973,1103
-2198,1193
-2023,1078
-2101,1041
-1924,1075
Elysium
-1934,1233
-1862,1241
-1701,1410
-2005,1257
-2145,1355
-1811,1210
Wreckers
-1927,1774
-1875,1705
-1749,1553
-1820,1548
-1770,1654
-1823,1729
Aphrodite
-2017,1761
-2161,1577
-2093,1854
-2078,1548
-2036,1669
-2217,1790
Beta Regio
-2404,1661
-2331,1827
-2380,1800
-2326,1729
-2493,1647
-2436,1745
Lowlanders
-2572,1367
-2508,1422
-2316,1446
-2522,1504
-2466,1513
-2481,1331
Independent Arcologies
2444,1193
2194,1191
2528,1182
2261,1193
2103,1194
2582,1182
Eurasian Regency
2418,1443
2618,1395
2725,1330
2382,1318
2448,1281
2479,1450
African Regency
2767,1500
2632,1693
2639,1503
2718,1628
2573,1684
2767,1597
Antarctic Testing Zone
2477,1934
2594,1887
2327,1867
2392,1873
2640,1798
2542,1905
Australian Development Facility
2198,1929
2258,1948
1930,1678
2129,1895
2004,1732
2059,1857
Urban Reservations
2249,1603
2029,1584
2124,1574
2225,1684
1905,1529
2321,1562
American Regency
2306,1343
2219,1400
2020,1373
2076,1371
1940,1393
2029,1286
Moscoviense
1289,1341
1540,1376
1445,1442
1327,1439
1407,1313
1490,1321
Farside
1616,1536
1584,1668
1650,1646
1697,1559
1453,1580
1555,1513
Tycho
1283,1783
1523,1801
1471,1835
1461,1744
1343,1725
1337,1860
Tranquility
1104,1589
1182,1646
1200,1522
1235,1681
1177,1735
1345,1598
Boreal Sea
2056,-478
2142,-436
2227,-392
2274,-543
2065,-394
2345,-425
Pavonis
2494,22
2607,-42
2547,93
2582,-313
2502,-86
2524,-380
Arcadia
2410,-302
2355,-246
2383,-128
2309,138
2313,-104
2274,250
Ram HQ
2186,-76
2107,-211
2071,147
2129,110
2178,-288
2044,-127
Coprates Chasm
1986,124
1935,34
1970,-62
1852,12
1909,-372
1970,-236
Ceres
74,1230
-177,1299
-65,1271
-157,1419
91,1332
11,1223
Pallas
603,1238
522,1061
636,1010
724,1081
667,1224
721,1203
Psyche
745,1366
529,1496
571,1415
607,1525
660,1532
677,1381
Thule
749,1711
684,1691
539,1795
651,1920
805,1749
634,1833
Fortuna
135,1761
60,1830
245,1749
194,1726
96,1922
66,1748
Vesta
-409,1880
-280,1900
-249,1814
-346,1945
-434,1756
-476,1836
Juno
-924,1716
-740,1717
-947,1881
-989,1782
-873,1890
-828,1717
Hygeia
-708,1342
-593,1488
-648,1580
-563,1401
-652,1370
-696,1491
Aurora
-570,1206
-592,1020
-687,1204
-443,1104
-494,1037
-461,1185
Hielo
-1446,-310
-1341,-227
-1516,-113
-1553,-251
-1467,-104
-1340,-143
Mariposas
-1576,-641
-1379,-646
-1330,-664
-1639,-659
-1277,-692
-1573,-729
Deimos
1296,-853
1208,-825
1408,-592
1257,-517
1479,-515
1633,-801
L-4 Colony
1659,749
1502,805
1415,707
1616,651
1564,640
1500,624
L-5 Colony
2179,759
2311,660
2374,847
2242,832
2459,711
2291,852
Space Elevator
2577,-592
2292,-942
2602,-932
2247,-843
2495,-684
2448,-944
Ceres Orbit
98,1493
33,1545
36,1451
150,1478
Pallas Orbit
453,1144
401,1152
341,1192
432,1250
Psyche Orbit
776,1530
829,1419
854,1518
903,1518
Thule Orbit
766,1937
863,1934
792,1840
848,1853
Fortuna Orbit
326,1885
406,1956
325,1972
274,1968
Vesta Orbit
-299,1683
-300,1596
-350,1616
-208,1657
Juno Orbit
-660,1923
-782,1910
-711,1869
-728,1952
Hygeia Orbit
-832,1472
-898,1494
-889,1409
-781,1485
Aurora Orbit
-707,1018
-773,1049
-832,1058
-721,1108
Near Mercury Orbit
-2685,-384
-1775,-750
-2697,-703
-1232,-929
-2522,-854
-1295,-871
Far Mercury Orbit
-2296,581
-2627,388
-2383,523
-2649,587
-2595,393
-2607,420
Near Venus Orbit
-1821,941
-1514,1095
-2297,1957
-2479,961
-1592,1297
-1707,1111
Far Venus Orbit
-1259,1604
-1421,1889
-1496,1892
-1236,872
-1265,1788
-1220,1149
Near Moon Orbit
1169,963
1472,1187
1108,1008
1806,1833
1289,2003
1204,1038
Near Earth Orbit
1748,1247
1937,1194
1880,1027
2865,1950
2864,1372
2670,1100
Far Earth/Moon Orbit
1560,453
1805,746
2858,757
1545,452
1832,912
2619,649
Near Mars Orbit
1679,-180
2756,-401
2565,373
1257,-85
1568,207
2324,396
Far Mars Orbit
1977,-645
1774,-623
1922,-770
1480,-376
1997,-726
1499,-326
