60
Bach
-2497,-639
-2482,-241
-2281,-390
-2399,-447
-2486,-517
-2546,-410
The Warrens
-2187,-577
-2290,-587
-2054,-696
-2128,-518
-2238,-548
-2291,-756
Tolstoi
-1951,-262
-2073,-392
-1900,-419
-1909,-550
-1831,-413
-1966,-508
Sobkou Plains
-2096,-90
-2009,-139
-2401,-120
-2346,-162
-2188,-79
-2292,-73
Aerostates
-2266,1263
-2471,1196
-2306,1099
-2371,1095
-2398,1223
-2422,1119
Mt. Maxwell
-1993,1045
-2135,1027
-1933,1076
-2177,1194
-2079,1049
-2208,1090
Elysium
-2111,1326
-1949,1207
-1825,1175
-1758,1285
-2142,1454
-2010,1454
Wreckers
-1831,1543
-1923,1570
-1832,1711
-1926,1694
-1913,1805
-1750,1614
Aphrodite
-2074,1759
-2041,1581
-2107,1599
-1991,1696
-2237,1816
-2188,1874
Beta Regio
-2496,1643
-2370,1739
-2296,1804
-2438,1701
-2311,1722
-2351,1819
Lowlanders
-2419,1314
-2581,1401
-2307,1436
-2538,1489
-2342,1344
-2344,1520
Independent Arcologies
2481,1183
2593,1189
2268,1183
2166,1176
2421,1186
2530,1171
Eurasian Regency
2431,1284
2696,1281
2641,1326
2580,1402
2436,1468
2381,1396
African Regency
2600,1666
2586,1529
2702,1616
2740,1522
2751,1674
2399,1635
Antarctic Testing Zone
2628,1816
2357,1926
2564,1877
2458,1949
2678,1825
2497,1859
Australian Development Facility
2122,1890
1981,1748
2030,1718
2262,1942
2061,1850
2259,1855
Urban Reservations
2214,1596
2309,1615
2156,1636
2020,1500
2082,1629
1914,1490
American Regency
2302,1322
2009,1371
2224,1396
2309,1402
2088,1400
1954,1392
Moscoviense
1518,1348
1432,1308
1581,1378
1393,1465
1338,1461
1243,1377
Farside
1607,1554
1592,1680
1684,1547
1527,1526
1656,1637
1656,1726
Tycho
1326,1771
1280,1839
1479,1745
1469,1865
1536,1810
1405,1731
Tranquility
1156,1686
1116,1594
1209,1662
1170,1564
1148,1470
1202,1482
Boreal Sea
2361,-465
2249,-540
2144,-521
2110,-403
2299,-404
2058,-469
Pavonis
2480,-393
2614,-18
2484,-288
2549,-323
2514,76
2469,-124
Arcadia
2293,239
2398,95
2263,48
2372,-109
2272,-277
2340,-230
Ram HQ
2191,5
2062,-117
2114,188
2122,-265
2063,-231
2041,150
Coprates Chasm
1971,-238
1907,-350
1984,-362
1890,-49
1972,68
1967,-15
Ceres
-63,1388
86,1247
-140,1267
-13,1233
-109,1480
168,1353
Pallas
511,1064
679,1174
594,1046
582,1222
696,1049
759,1108
Psyche
681,1535
563,1436
674,1354
604,1518
744,1360
603,1369
Thule
758,1739
832,1750
653,1691
627,1921
562,1844
596,1714
Fortuna
255,1769
29,1874
97,1750
175,1974
84,1909
160,1721
Vesta
-337,1922
-426,1706
-208,1805
-409,1846
-282,1883
-466,1894
Juno
-929,1765
-983,1813
-910,1874
-904,1683
-751,1734
-822,1672
Hygeia
-574,1353
-590,1543
-666,1363
-737,1373
-513,1483
-650,1540
Aurora
-496,1196
-427,1154
-530,1011
-417,1065
-578,1199
-638,1195
Hielo
-1521,-153
-1380,-106
-1482,-300
-1567,-239
-1354,-262
-1407,-322
Mariposas
-1612,-653
-1354,-652
-1516,-628
-1407,-634
-1281,-677
-1561,-728
Deimos
1210,-592
1455,-515
1367,-595
1506,-725
1508,-571
1339,-852
L-4 Colony
1526,606
1535,797
1626,646
1411,760
1629,746
1466,792
L-5 Colony
2403,803
2352,860
2489,726
2139,778
2288,676
2272,858
Space Elevator
2418,-989
2511,-783
2558,-931
2344,-966
2486,-565
2600,-784
Ceres Orbit
115,1439
26,1530
98,1570
36,1442
Pallas Orbit
454,1242
389,1249
366,1155
503,1221
Psyche Orbit
755,1482
836,1431
845,1564
888,1449
Thule Orbit
724,1913
796,1978
879,1927
800,1848
Fortuna Orbit
341,1975
316,1890
260,1952
408,1908
Vesta Orbit
-268,1579
-287,1676
-357,1666
-234,1686
Juno Orbit
-656,1921
-748,1900
-802,1905
-707,1981
Hygeia Orbit
-796,1506
-870,1519
-910,1426
-847,1424
Aurora Orbit
-779,1045
-707,1087
-838,1072
-758,1125
Near Mercury Orbit
-2573,-730
-1429,-479
-2025,135
-1804,-704
-1919,-840
-2566,-54
Far Mercury Orbit
-2648,682
-2520,194
-1820,463
-1402,365
-2133,437
-2521,408
Near Venus Orbit
-2635,1762
-1559,1457
-1514,1268
-2113,872
-1632,1724
-2536,1828
Far Venus Orbit
-1291,1016
-1276,1531
-1333,990
-1259,1271
-1251,1410
-1351,1783
Near Moon Orbit
1765,1586
1365,1154
1104,1088
1703,1338
1845,1973
1159,1120
Near Earth Orbit
1983,1995
2864,1566
2861,1717
2845,1046
2813,1197
2763,1133
Far Earth/Moon Orbit
2546,539
1759,825
1867,538
1176,633
2820,692
1291,395
Near Mars Orbit
2797,-852
1371,91
2619,190
1507,102
2825,201
1492,55
Far Mars Orbit
849,-1044
2277,-1131
1873,-878
950,-971
1990,-910
1765,-686
